address,snapshot1,snapshot2
0x0006230b517b06e63b9086e7a43e4e70c523751d,63352976347748800000
0x002b24bd31cc35c72c78007bb3f309a489af5d26,53119464533503800000
0x00397d81c4b005e86df0492fd468891ad2153377,74978025434295900000
0x00537a7aeaf33b66f8ba73de66512a10f50c1239,70166718787585400000
0x007565a945232d3c434fa5a20e691764702d65cc,1673538080039250000000
0x00be24972a705eeced07053c84f01cc8b860b70b,43956512716481700000
0x0111f8768b123eefe2b4d645af85e331da9c445c,145630434416417000000
0x01252bdb4927bfeed7e4c87a4a33d4da8d3d5aa5,737688634319361000000
0x018f9e9e09d8a3e817128882eaaf9a0d3bb24054,15609790040633400000
0x01c65748f6e291b2d05df8fff86ff5221bfb57d5,218156768742231000000
0x02145c044f5880f9479240f413de7129b58e3e09,21543627019214600000
0x025d776844ac13f1e9b3d454f55137a233b8a3b2,63088430886940300000
0x0274c89ea0e3388a692366c48763245c5433a888,3523980336150250000
0x029a62aa7225fdf44b502a0f3dcfd28b580b5d50,71479050913171000000
0x02b1040cd6746328ba5bc9f81fa7690522cc6df0,143626462500939000000
0x0321aa423f8a97f3929a65aafbaa4878a4760312,5396542514028280000
0x0339cef12a92ecfb9700d051400abfa6ee585c97,10648352129754900000
0x03813ce38a3ed7785fa0920706cc010790c8a05f,301638804982855000000
0x03c25c81e480bc73db92bd71b04c25167891d426,399939081207420000000
0x03d37f058a014ab1fcdd19c92644dbf80ab8c311,151875834597854000000
0x0409ddaf7e22189a847383429818ad3d81659e2a,29417240661889000000
0x04325a2242d24fb0bf23ae5bcb952adcf68359b6,94879616748458000000
0x04d15ee4e0f4195054129f2d84ce2571e3e1a07c,6244224273467380000
0x04ead9464e267451846238a0a18ada31f543a315,997655419616901000000
0x0544a863c353a33717b29c56c90f6b19ebd28c4b,2113642432683070000000
0x055f559be7943de7396999f1406ce1733a8f192d,80484180512487600000
0x05768d66b343c78cd97fa0ec8af168efa65bffdd,1029244509378330000000
0x05d3b3ad61abbaeb848916327d5a1f3b75331ab9,121439901874773000000
0x05dd13154a7104288d56500122d819eea3cc8a34,7120277602193340000
0x06040158f9dd01fb6cc71ad99ec854c1a5a69ee9,4662683564772260000
0x060f0d9fb006115cc9f9345224a1a0e495e60939,2427629335833590000
0x064823bff2072457bf54842c9a4c039c7a7b4b8c,50146932375031900000
0x064d2fa793858e45bd532f02ef385962e7134ee7,355840106019872000000
0x06c0622d0e119e9fc4c6d7b2c84baba2acfaa0dc,1247634343211710000000
0x06f05e06d27f604b064504bd9805f71bc37f5a0e,51409622873325600000
0x06f62b8b2eebde73dd4f0e1fa9b1321d63fd5c3a,58674257300451700000
0x077acdd1302213bde68c40b0d7ade501b7f77c08,16044739968223300000
0x078cb6f44d3cac0d9c98745fd4e331677cf65eb8,6408859246025490000
0x07b13c4c3d45bc30c8ad388e2b649b98f76925c6,7507358986488870000
0x07c96a9dacfa61d2ad35fabb1bb284e49eb22c8b,26925601061327300000
0x084b6d7720d1548364c3bd8aa38274c017a16ef6,87411202286082500000
0x086085a4c2aa12b4b81746cb1fb47558a5b16355,43709074629069700000
0x087f0c224cdb1682f70287daf9846813cfc064e5,237105430766914000000
0x08911eb7a64a9e840e8aa51991acdaaad014d233,71396952175712200000
0x0896642c5420e3bf1b77e1ac2231486eef026dd3,2226215368909070000000
0x089d700d9234107c39704b951690ebce90fe643c,27432025863398000000
0x08eae1c66b5ca9cfb62383af21a68a98faa1024b,135026449965012000000
0x0942086a607b12fe0dd5467620e6231c354ba175,107223991025376000000
0x096c08408a86a5c060ad730b509aa61ee2bcbc6d,130526862822074000000
0x096f8a0d9d8d73f6cb7202700adf2a9d67e0422c,400234127200506000000
0x0974bf6913c762eb143ee7a1e244166e4eb2b5a4,14329055226161100000
0x097da78486d49763b2ad55f19327dc27068f8a20,160480250484688000000
0x0a19cbf9272f3e2afb66e373c44411f41ba80e1e,16122157269602800000
0x0a6dae483f40ace61d088f533adac32de2298e18,296074442697363000000
0x0a719f0c66ced5e256dc2a4f92f6244d564ec42e,1565848107518770000
0x0b219d368d0b8fe6b44fadcc43ee3b43c51ba3d9,2095048569501920000
0x0b25f8417971287f9173a2463544bdb241f1d431,285418037354693000000
0x0b2718935dcd4525c51da8b0f0ca58ac90af345e,22659087177093800000
0x0b2d6aebd93b13174da7fea682e9e3e5189a5c07,15097985885571900000
0x0b396ca0c60120e60cb0f1ea46087c31adf3bf27,171368796021155000000
0x0b6d741c16bd042c5a95c63b2c7ba3e775bb634d,1868715285032750000000
0x0bae81559a7246e0fd4ad434cd330a60b8ecbf70,364297789451426000000
0x0baf78675e80038ea0ba8d7271dbd6afd764661c,444007332054908000000
0x0bcc7b085afbd0994776b78599c08415ffbc6071,808228205208125000000
0x0bd1a237d678f661505e65b190b1b6fbbbeb28c6,4113779928425650000000
0x0c05ed848e840aedfa94ff269d42b8d353446add,22377265072739200000
0x0c2d955eb4f45c60b3ea4e1af7c07da8e9f00165,8886522917253510000000
0x0c368c858593e631d7d1a4ddf2c9a954c027ae28,9913131614734430000
0x0c3fda7875a436810c4e30512f161ea568aa6a41,267311131915501000000
0x0c4978b2f05c913dfd56ab78d31eab0d74be41eb,2693631376211930000
0x0c52a9fa27e40cc03618374c161866e2958aa772,485959030835036000000
0x0c67fa0ecc34813fc01f517276895fa3adcfee37,3586314412499080000
0x0ca82768386fdf00cbe59debbffc1c062eddaad5,96955510239089900000
0x0cc6143c0d19aaf543bf1dfdd771e1b3f56bfc9d,1883894795304880000000
0x0ceaa3fa269877a0fb194ed383605fc2527eb0a0,922962263271965000000
0x0cf84f01c311dc093969136b1814f05b5b3167f6,103827246035320000000
0x0d68f5776674af338690183a88f9e34c8c063a15,122009117030334000000
0x0d9a67fe3b9b9fbe633a9e937db2d27294c9e5fc,9205143860391430000
0x0de290f9717764641b9694c246338a477cff9543,155881679769742000000
0x0dfe9d147a2ae92fa7aa561e485f0d91f13ad301,175907268610916000000
0x0e1a2e379fb9ed15bda0bed2cc83dd63b8bd441f,78031032963584400000
0x0e3c043519def71c1133d0471e32aed070a819a6,7339025548304190000
0x0e66c294b5228605d8a264ec1f9604dfbe9c9926,18347563870760500000
0x0e798c02481b2a91a766f8434a34876f5c0f5627,50409931734914400000
0x0eaaac64f75bcf0d6ad7e400ad812ee0f9688e13,890798927901785000
0x0eb96e0e5569804d7dd81e0631ef45c925f7f39d,50186690981039100000
0x0ecba7501c4d668a254002140c2378b5b1a518b1,652481546819551000
0x0ed03eba8a20183fd087a859dea1776b8d6d713a,23997079853272700000
0x0ed26a54d83d0df3ebbbbf6aac003c9af6874870,32193667775146300000
0x0f739c8e4c1a45853aca83cdd4c06a9e69fa67ab,1090580388285110000000
0x0fa2a5a8ed69d2c5bd9d4e3654dd6891f430f36f,3516616408562430000
0x0fa36ea577ad67c61e0b7631c55bd305533b8c94,14074591332514300000
0x105e96dab0e1288015ed5d56f54d44053f1f82d8,56646909456571800000
0x1091dc01903892abf38d3cac98cb24721d51cb99,1496846575059070000000
0x10cb5a31fd79310d2bb73e66530f849a6cfb2e9b,397497530974312000
0x10ea790037c0391ce8afe2861e9b1ba9045a1eca,1441179741029600000
0x11231493e0a72449f73eb2aa4c68261556befa5a,83993100841417800000
0x112dfc333e0531f6e133d7701632bff835aa734d,12069560861959300000
0x1140aa0ebcf7683097ed354df5c458d6982a537e,80939203730730400
0x11aba5138a07e075a1c4cac6a5fd6cb02523c2b0,11825805024868500000
0x11de56e45b04478bccfdb00bd9077a9fdcd83f53,1545860723428070000000
0x11e7806ea79ccf0bb5ec9f5f00ba474087b5ca98,671960812645365000000
0x11f22509947faa978d020b74b342ef1e169b1b28,40243648266232400000
0x121e75588fbb738cc08000204691771945ed71b6,63854370886365500000
0x125f643cf2147f8c625828b010c360add8ba62da,22266259868138900000
0x12b73269787f985b014174840e5232bb4e089562,3746235257170530000000
0x12ccd882ac5035f1fea80c29e70dd3aefb71bacd,66687532032018800000
0x12d0be9875e08c2d3e47747ae2645acf52112d02,46446203701856200000
0x1351597bb9b8f07e3803d314b6a51f24f975d20d,1050221039921790000000
0x135df8445ffb50a6c3d1c416e88b0f48f04627ef,3134375494588250000
0x13773f12fbc4a673e2c1aea71a1dcf959b608aaa,6936587081390420000
0x14129ec44a32b57d929f3d2fddceeee7d653bae7,42975623452054900000
0x144f44ecaf98335ba59be903b26572126da6a84a,8481793854916890000
0x14627acd7e1873f061f40093685489d80a242dbc,1612477448346460000000
0x14c2cd72e38ee9c7dc0589727530df7d2b513d15,2035708723493490000000
0x14d768309f02e9770482205fc6ebd3c22df4f1cf,203753691438132000000
0x14fc3cb47e826ca8e6de396587280a5d82ecfcc2,433903388263770000000
0x15036961a24849847d1ad399406ed178618cae6d,485103940052178000000
0x15109a4498e5bc5f9aa3e4b43f4a58c86a0a1619,123423219011842000000
0x153625ac017c28d8e09ec9289a3a04c22ace62ea,3152594928804070000
0x153b1053ec81bc645c4e4fdd016fc709872aff08,32856252485212600000
0x1574a47822dc67d7ffd5e9de7b9fa85dbe98ac5f,99757605803746400000
0x157a4daaca6301d5d14701f6b5e99f1e228f0491,7683138337075060000
0x157ca9dcc26be365d9b4639520008f1933349871,3664240003973420000
0x159b526c722976c2ce228474ed51d89103c89dca,1977528746309410000
0x15ee3a6e32864d4247ec41f399cb4ead55cf412f,134911877031019000000
0x1624a1acea88d2cd04fb6c323b831e4e9ebe94ee,109194616221708000000
0x167c6b85d92d00642a4f388fa40cb7a317ca6441,57816841066072200000
0x16e33426fa0da2182318f9493302bc65aef93c12,1236001615117100000000
0x170c46f3603c0ce761ca7dc5339adc60ec71a1c8,15464511777110300000
0x171873568f85266372dd3f644cf7fdfe24c96163,74836024012253500000
0x171af35a6132a6fc5bd549fb1031eac897e0c006,680163657786578000000
0x17a3a19d91426f40bf415ae646fa76b8cbed6a2f,467870959731257000000
0x181f558a4ee55f782131256c6f3062c376e23b69,11725724923063300000
0x1825eccfefa66dc2e2114ddd16e93ff94fffee35,18350280662136800000
0x1852393ea32470cdc62a635ed3a0c7f0dc5fb2fe,30949218522783500000
0x187e202e311ab27175442be9af0b953f23b9edda,933152361088331000000
0x193d5ba15f7559d02575c4406b88c02053230b5d,1511648707108300000000
0x19f4bd30d910b5f40f612330dce64c8d4874d405,35375364082413400000
0x1a092501f55b6a4ab7287346e33c288786ab1a54,9932597445179800000
0x1a472017238dbff1d3e70835c1e658bd2eb5d325,15291040397025700000
0x1abeeb7c87a802bcecad7951833ec901ebf07b65,22571625457391200000
0x1ac2b3a5541ce9e677b37b80f679efb8a7818ef7,15340341051586500000
0x1aeb6a6deb55e68e91b79048e95d1bee06d8ff1f,292132418584875000000000
0x1aed9904ed43494123b861f41e40bc5dcc5008c5,140411347141905000000
0x1afd7f558a2383f36138e53cc6dd64bacc2b73f6,1794895700066030000000
0x1b194c5f365a387711ed1df6274e7f36552cb594,26467528845969100000
0x1b2daeb7e8ed2134ad4ffadbe035074b6c912c72,7772108610921010000
0x1b3c1620730fe4b96b99d2b8f3b6b0daf5f5d3ce,4136150328688140000
0x1b5f30c4e52040b36e62cff8a498642048dd75c6,25718478210911300000
0x1be69b92b5eae4541018522f2b839e965e012da5,331296643040863000000
0x1c07138c1543956b062f6865a54d525d7607d340,13511320719586800000
0x1cca95810a1cd6dd316b0ce85783ccc835a77402,229276121900862000000
0x1cdd23e6e203dee8028feb84971f68c5fa7b7658,1363030908479200000000
0x1ce870bc8331022e8780be94ce1c8b1e36e0756c,261601247529324000000
0x1cffa9cefd8335b1df388b0dfe819fa5f71d518d,927640831613963000000
0x1d6a5f036a0b69a43ef3626cf05cc7ad5ced003c,38436528797806300000
0x1d6cba2d941c6800deb7dc4eda00eb54d16210f0,321900363294213000000
0x1d8b3a3f03e2773b49bf2c68274f54da14811ca7,5540127287837460000
0x1da39a79eb4bf30d58be8c8645530733ea5fb700,16929668447320800000
0x1dc846c79b1aa953846f59e44ea0e94ea8fbbcd5,496988879607949000
0x1dd58724377341a7ba0e0e3d9a4e656e1dac0b54,23383699296809900000
0x1de3fe9480b7882fe2014aa33c95a9a053aba144,3865884514852440000
0x1e0682ba70c7fce0698ef793aeb69415a853ff81,44364960470415900000
0x1e125dae6af67f241eef1ca104fa86d18f8223c6,83170653748899200000
0x1e1a4c2bfcc7addb851d079c42eb314e1b237489,20784218036781400000
0x1e2fe7931a4c80d2f1901af19def1d8f3a91ee8d,10652462571308800000
0x1e6cbaedc1acc31f39209e39fa23f2991d7a0c1c,75683700966887000000
0x1e7010ec7af357b2422bca420b3ae733f4049e25,19047429985435100000
0x1e9d2a1e57de8f4f6b369bd036f208d3fcd371d4,226053378868410000000
0x1f186f97c437da95b0edcfa17be7ac1fd69978f0,259467696277925000000
0x1f236e6ffcc92cc924059447dc5b15c52586da79,11529764258932100000
0x1f470895d81d6332cc0ca6029191fa1302da6b46,1981289337634950000
0x1f4ca01a51980d63e1e19e501d4efd872c19ac46,21380276591086500000
0x1fa4823613fb2424cbdab225fc1eefe3bd293c84,69212202611926800000
0x1facc5303e0dcab71f878309c21cac6f8daba040,316615829887554000000
0x1fc2bfeecfb2a96e16a9cec285b17aa703c7d2a2,336692051309959000000
0x1fcf4e16ce1f212dae04855fe02dcd74d8e7c993,1289674633015590000000
0x1fe408b8808cc08277ee2f1aa2d14ad73c3d0d31,851380529570072000000
0x20421c4f8669a2fc649ab679ea4b9f8a410809e3,280723187493899000000
0x207808ec35e56e55e8a777aeebfd7ac9f99b6784,35430053446961400000
0x20e91c19c1d570eb6f1b39d0cc19b3624b34ad74,50813281369409700000
0x21477084cf8ea92fbab4c48878137592f2e5ccba,86166968623298300000
0x21c01490a7ef8c7ddbd73ae63ccebf2549c7744f,18439301690114300000
0x21debc45a505ee0b93f201d298a1b11c13d14b43,9537551539879860000
0x2228bf30c5029a41409e59010dd00501353afb50,44066398059274400000
0x22a37856db876c11795832187ade28e492b67c12,2209199586405150000
0x22b16e3f18f0a99c184baae92b6d3536c0e323f0,1419994377644140000000
0x22e2f326fe5a1d07e1214eb1c08346fd816e8375,79952888998031600000
0x23154b5c722db065850f2fb760b91b7997ad77a3,2523
0x231e93a766612e70e693e3f033d53b4d26e0af54,15147559748319600000
0x234b200aa7db00bf9b90d047ed627f00a0e16212,15808919888495900000
0x23bef70d053b87260b0d992e79cbcc4476f91b07,198032570159140000000
0x23f2e2c1bf2ce6bcf440288266068b98b535aae3,54492264696158600000
0x2427b9dd740570a5be11e6cfb07722a3bcedae13,5633726513972920000
0x246d84049ad6763059643b09300f92aa4e5be7c8,61548488574753700000
0x24855e0297df1ff060fac834abac378f946fc2e5,317026612125440000000
0x249414526554b61a225b00a4ca77209178732468,44846442590451300000
0x24c570d49938c969c37f04932a48e993c25e1aa3,294808218522545000000
0x250b3f92d0463f4d721a196444db769015d6666b,1107571424945530000000
0x250d69e11d3eb486ef6bac3ee031785aea99cdcb,199954490440276000000
0x254f725af0ba08d4c7c0187002b45e40e59fc791,25391249422163900000
0x2578200f642b2e8eb464b2483b23ec3012fb2414,21111272383865700000
0x25784ffbd87e22cf2bdf41bdf733807791cff42d,42623695418704500000
0x2591fd8ba7f07801ee44a3d96e68bc3a25cb6558,6672305465435000000
0x25b7b9b13aa357f041685a20459e893a89c3d45f,33806062921343600000
0x25fa3ac261101c6969f1a6b80219040628e2446f,349337080451052000000
0x261b1d70a3d913765e434ba02c51476fae4e0131,3655079337491340000
0x267d7d5a9f2bfd50aa8865a79823e509a99a2491,58818542817470200000
0x26a748e38114e9e195609954a55984203ae8b32a,274
0x26b67a29aba802b74a0befec5dfe8fb760a61d2c,1504740953155390000000
0x26d1445483917e1f6df569340b48667665b8d965,56882920801365500000
0x26fb82cd87338268a77825f168e619d6502e2c99,21021721177350900000
0x27ae7cf6a5adb9e81d91305d45397d5e2bc57e1e,1976518790298120000
0x27b974f8ed76f6c2bd2a847b0ce7c09c72532b74,268671813932410000000
0x282ecd101b2164743d44ca3227b0514f8dd8d4f9,11780664968684100000
0x28365fa5eab306555e8aa8662d85e60ab4464051,13943756223040700000
0x287f1ed9087e906b83101277fdcd05a917a6dfe8,67733135097751000000
0x28a6dd6305d11fd471e9606859396142242746fd,32103109725327600000
0x28e5632a329905ad5b6c66e5c849c2ac8f3fed46,904942299755857000000
0x29530279e253835272351920075d51e9a61cd0de,6881684482001150000
0x297e0fad8086ba4a6baa58e701c67babee2b1139,7715848746148880000
0x29ca3b94228f0bb9289d005cfd43021cc6a4e180,799199396822878000000
0x2a04fef130a122d23809dfa583626f93e33045df,730094133230296000000
0x2a1edb52de3716e24fc5f216cba84a7ef848e198,1137211705334220000
0x2a471270bc955be8b9df0ba42b558f91ec150fa8,117917476617439000000
0x2a4b80fa266b80ee60835d4622c9534388850fcb,21199403786208300000
0x2a4cc4824c982d25fffbf5b20ee7577379a374aa,6268750989176500000000
0x2a6035f8d995f65a3c2a7c85ff38ca376c228195,66360351485235900000
0x2a723473ec3c1087ecded25325572bfdbdeaa39d,192781566678319000000
0x2ac641ef94e17d1adbcc18ce84dec57a27b26193,27973228100967800000
0x2b499f75929593bbe0149586c375e2a0338031a0,19264942064298500000
0x2bc1871fab38a934c405a1670c06723988db5448,2759526196125030000
0x2bd7db98d762f68d97fa1efb06006456c263a80b,21345461235998900000
0x2c12708ef3e449068e9b3fdb2016122181c84aea,78351135110090100000
0x2c4d5b9196d34f5b187053ddf04d2100c7ee4e84,1132089971514530000
0x2c76884a4a89ce638b5a35b4805469d27e436132,44980835573152600000
0x2c7d8cbd706232e24fc58186753fe5a20f37c63c,9965714616842770000
0x2c92f5d22833ef38b3f8acb50e304bcb9038cd06,1647715712642260000
0x2cbdc571aa8932a4d6b839ae8554aebd4af9eb1c,22968700441672700000
0x2cf86c5c53ad9ecf6bbe1b90996079ecc033d57e,3166439745149880000
0x2d2972173698bb23c80dc8ae34c822c5cff58851,461854363665528000000
0x2d2f683f30113f7e9357b5345ca650864028ac95,10036231290765700000
0x2d3c839208ee70d17e578e59f96fb9f8da546562,9880586267817270000
0x2d48233df722839848562d23249d523d89dc2d28,79765191270160300000
0x2d4fdb1a432abd78d98a3f81ede537b4ab5c52ab,18747695543191700000
0x2d9b4476e9caedd8803ff0fa08de16a0f704cad2,1054868324365730000000
0x2daffeddb402a9ab6009c7413abdcf8566f64bac,89056347560921700000
0x2de8ff0749fd129da6449d869b5d741ae9748ee6,155351690104670000000
0x2e2d69e9bf5162243ab6a0a50aad8e3094fb6037,4827827768628110000
0x2e43c9d440159f67434d46ffb9a9561b2fc73820,375802883968569000000
0x2e45566d1e1824566b045896807518e08b50fd90,110930203799643000000
0x2f73712daa7a091e67e556bcee5fe5ce5923be42,356970091025144000000
0x2f793a39e177fc6e9a3fc5d738fae4631cfd5f0a,2885094901298580000
0x2fa479af304a793fa71a2bc8d233b4df80386fa6,12430536505759300000
0x2fafcd30e793dc30c2500e60ca5304464738fed5,41589128913137100000
0x2fddb263ee11fc402e6092ea47b2d82fc284b674,1677993400863330000
0x2fddf6301b685001a84b7f66e62491f5d2470922,29412921962337100000
0x2fea4f7c1e2452368cb661b83d34eed82450d110,53396288842961600000
0x30201590fcb7b848d2c3b791d61871e62db6eabd,227504908670656000000
0x3028e0653ff6a08e93b594f1c99652fef548e0ad,40833410336770900000
0x30402066c3011ac56518bb50ee676bc343ea7ef3,9607201898205680000
0x306d07cf045c21f6c49094910e4bc9b8aa697a45,877388360337519000000
0x30a0eaa4bbd2d8104ac70f9b80e2fb95e4ce0bf1,37803626392046100000
0x30a7c98c97dee4fd46cd55d6478031e4efac0b9d,65820129753835300000000
0x30cd893ad5632c254caa8c8d8f77f0f5747b8c16,154847435343818000000
0x30eba9565b347f6da2743d659ebd808e00541b99,44652808156495000000
0x312f92fee87fe1bc4e104a6c3034856b4349bb87,5176576396363620000
0x313992c253f2cbaa274dbdef88c735c9274a5b2f,13529796437722300000
0x31480265d44e76f5fdfd3c14710976e50daf9e00,247075080127388000000
0x3247d3a82a2f52c3417316da6805cedfd7ecef93,223945512469398000000
0x3255ea9a1df06eed59649152a7fc1517c6000b8e,18857266025159100000
0x3298492ee2689911866ebb01a1774db060ad6a7c,14822858368326200000000
0x329b6b621c9b18e86bd960c12b78bb58191af4d1,87570629339220600000
0x32c886d2d90019cc8929ea53eafde5cece5e1494,2268908918162000000000
0x32dba309be85dae8a6b11c85a12e91ca7b21a857,334358726218579000000
0x32eeabddebc9165ac026c1b6da1b8a31471a632a,57900789293525800000
0x331fd682a1e6d9a40a27375339c1da9e0ba33fba,12965946604711300000
0x332e03b3ee1ca05fba00bb7e107428dec990340e,89533836612402900000
0x33774f088b8cead78022aaf2ce67a9c8e106b5e2,44922196906367400000
0x33a0f11f6aaa73e1613432d7e4d9b0efd3e4e2cd,293242078376932000000
0x33dc98f4d2177051f2b9a4ed5b9fcca6e2eba8b8,5460352873070780000
0x33e22f604641f2d2e9d6a1f887fc9a3ac13fa065,5065582176902090000
0x34079ae4a5badd7c5f02e780d0b087f5ee677a3e,10643200249071500000
0x34334abbe010097aecc08d0140c6bcd1c5087622,5829194685640040000
0x3438392f76ef150abb6b3a13e229d4890a0fc2ae,14744622891746200000
0x345fc578bf09985912ca35bd8dc14db7ced43c4d,1017828167333000000000
0x346a22f6cc2b42d21c433b7c432203450eb522c5,12631945016151800000
0x347d1af2009836452ba2579ab827ec1ebaae9390,3053
0x347e5fd3f8b6e48176f6ab60b9220f284aa70242,120946909358474000000
0x34a7b8ee9776e6eb0540d28954b81a055898cef1,171379319229703000000
0x34e917bfa9a0353f0cea24f6f21b06701128e977,81245960704021000000
0x3532bd3a774327da6c42a74a445a8c4e73a45412,625165142424797000000
0x353afa10ad5c933e2417e515a15225c69d716fcd,2644710544385620000
0x3549f3373c04152e749c88d69d4b971b31c47ad8,72107574495667900000
0x355043564d0ea5210fb59f10f8d15950fbbb68cd,22915521234094500000
0x35a60df343098e952a91fd9759f510b801c5279a,12965611802004100000
0x3675943c5b9f04a155e9807521f0ff5d5891cdc3,655483060434547000000
0x36aeddbd87b092e01ea5327efbb619187f9a9c13,1464590953877870000000
0x36b92b4a9a0d5885653e6700b049b35e5bc9e48e,847360806619894000000
0x36ecbe947115ede61a66b3cfcfb659097db3927c,64952397615601100000
0x3779ea93a886fe9cd4fdced6e43978024f0b6183,562414720275250000000
0x378b4bd9ab39fd2603ab146699794c82c217fd4a,7733503949181660000
0x37f71cfe60e384081e4a450380ef2b80a2d2dafe,153316073416865000000
0x380321d5ef1596a15b78ff63a7b268399968769c,1499974125641450000000
0x3824ea1488bb5afced11c6a17449887d466f7297,1111761123897400000000
0x384cc01d95ef3e43f7d7c6ef789507403f4bd701,182247491124587000000
0x38772962d600cb1ff287d454fb8524c24273660b,1653608093471280000000
0x38c382b3b7c756c66e601fa311e2e6341239ff72,9588153296413760000
0x392d51a46a0e685d823f01d4f998b78b6e1a4af3,281986404790767000000
0x395b7952a07eee76621143b6ada63b0bb4f8179e,15243047793943100000
0x396c20b0a6f62d09b2beb0100b57ebe5e4866278,990003967193118000000
0x39794badfdfc0ee715106b2c5bb916d238b2e958,3911238475009200000
0x397cf5e880de7d5fbb88bfa6e5654790c630636f,5036053472243060000
0x39c9544904cd629faaf9a399a51de44a7ce0f6be,256708293321500000000
0x3a31a0edde6ba250f3778b874912a6cb6bde04ca,1191964119783960000000
0x3a38ac5c34763957cf2b3e2eea53ce9fb7176df0,1708510436475250000
0x3a48903ee2bd45041aadf2472ff5529b760a0ad7,22346384830361900000
0x3a9f347dcc2d8e9ebeee21e74ac7f03abe6b53e3,2421359612088070000
0x3af4c46ee394927c8e6ea0672a84b9e42a07e50d,38628020217812300000
0x3b02b1aa08e29cd3e26ec5c71c8767cb1dfc4060,3164046867466850000
0x3b12c66896ee7c34628b0c18b347aa4da5d5f74a,2138971584688150000000
0x3b329c399d9e4a0d0251411381ebb630a26d86f1,22931116328138900000
0x3b34d4606bbe0acc01fa0386d5a048bb70a56607,37608821244944300000
0x3b4b931e8e99dfe40d04f2b7cf7cffc34775152c,8776251384847100000
0x3b9988e318874e5a2fbf32e3521951756d4f43af,174727356534681000000
0x3bf921ca43e9ae4dbe7f09413dd76c5332e4aa95,2258501690945340000
0x3bfa3222b46318361649a3f35f624a6fe6c46571,10911820658454900000
0x3c3a0e6270f430783df39f38777ffc06422d99fb,13910791802196600000
0x3c4c7e790a7daacebdfdc646f09d2f420e7e6bcf,1009840303275010000000
0x3c50fe891427f27127abf0029eb540cb5ba91e57,30320526220296400000
0x3c5a49179a1a5fb813f456df0f60dbe88deb581a,23577766781927900000
0x3cbbd68560a26bfea80f3d122b22d0df5280cfbd,381115232026306000000
0x3ce2998df034e8424c14c23e7ffcf76f117a5f7a,174086004821271000000
0x3d2cd8f7ca5cac6405b5395d2a732afe47de253d,15984925863776200000
0x3d396c0724327ccae085220e8ed983387d1f8fc8,1378941129965970000000
0x3d3a8f1215fc89f37ab38d0d3088e5add06c516f,195667510857162000000
0x3d91ad906c3969f86c588c988f721d5a735c6f81,189119756763500000000
0x3da80fb23a48e5f2a46cd5b34c0c5936aec40fc2,1786041560644360000
0x3dadfbce997faf62fbadff8d1efa5010bc7c052d,17656393181621700000
0x3dd546e60456cc06d51687dad722a734b73c0bee,274386827074024000000
0x3de5f6ebac3e592752de1e5bda0253d05aa9c900,483436513933891000000
0x3e39235c3822730c0d9f62599d3fda5ca1366e37,29095645512878400000
0x3e5ad6fb8893800c742a7f21bfd7779a98215218,160046429933145000000
0x3e8cf9a7d7b00d65aa066621d37a1d607c19250e,13219306700180500000
0x3e8da3cb413bfc7ca654619194af39e12103c6ef,340219145509128000000
0x3eedbac5a170dfb6c583934ad2a94aa4f13a98b6,7685860925481970000
0x3f2a0db4cff87a135fa5001df787b8b96d488a4e,180498730763614000000
0x3f5ee05fa1af36ba7ac1e1abede7f08bacdd1b5d,16353289452741900000
0x3fc941132aa0df2ecfc950a6cb6e7ea04c18772d,203697990283443000000
0x3fcb4fdc45c01344805e41fa413828b76beca719,207232155557222000000
0x3fd5ab08072d132d5aba132a272896ce844b131a,6575105326964940000
0x3fe03e171ec5639719746af4195d39fdf54e6018,17373584931936300000
0x3ff158629291b758332d3f85619026477fb18240,356361296483768000000
0x40003aed7795650193e8c149acbf7b5b9a395cef,6966062485306990000
0x40065aa98429679a899618da09ea2bd71752ca9c,12104158905797500000
0x4022b84c8be29fb49025c53d818fffe3aaa83a6a,12379925480475400000
0x4027a0dc8c6e39823aadefd5402a85e39155ee52,15426268090346500000
0x40469121f023e7ec8252ad0eea05c31234c3e2c3,136401388709604000000
0x4058b62f933a78becaf48685b6851cc6d09034f1,1602430452062980000000
0x40cb16980dec30df798e7d34336ba6da4de510f6,260077048574459000000
0x40db8365d1252bcb06598927698238a99d39228e,127416907072439000000
0x4132c96cc50910656e5e0f23fdb70568cb1443bd,392835049123339000000
0x414848190b5c4f68a9d853845ca4079f0779058c,19036353005996200000
0x414c2bb8ccb50a707584c4565c044bc66269f746,218225740380222000000
0x4161aef7204c0d4053112a1f0f13570626db6bd4,110525750258017000000
0x4178466fd56f3593b3e1b11a54e4014491f3599a,97712754816146200000
0x41b4a5cb62aebb7edc1ad06fd550e72b006e21ff,20829565781795700000
0x4238c9012fc4b310867fcc3b35291ccffa4874ea,15307759238290200000
0x4270de12d4d511c63eab63292a5fc2f1055dd5f3,1416694904869240000000
0x42c600dc13d0c89f1d0fe3b8a319a02b70fc1778,17217787071048400000
0x4317c9d3fdc7df6040a3894d30e2c5325791fd0c,69131324847126700000
0x433825a84b49bedfbdad9525c9c57b0c4529b0fb,31242211494258300000
0x43763d32a9df8a4311925259658b4c25c158a806,476877606678852000
0x437f4e26704c4f376686c7f08af4d9005d1cd356,28327021322602100000
0x43910e8e7553747fcbdfd504bbdf1da7e9c084d2,2981479128998580000
0x43c3558d4dd06e14689edf4686a2dc2621b8c004,776445878316967000
0x440634c90240ab8b35abb041cd6b8fabed06b8f9,9608225955697030000
0x44272957a10cff6ff3b02481b94e93b14376a320,4654739072177350000
0x442bfb5ff048955940093ff9c9b28eae3786c592,114698419272940000000
0x4434c4683e93bb73f34b026df385125e80069c1f,422271974173086000000
0x444bcc1f0b7b7ef99d92352715b533c3825f9d73,114414536717971000000
0x445e1de62b1ff2ad6ebd73eeca904f1606ea1797,19606124129656300000
0x44a6582d8f32e6ab83aeb134190b478bb6269573,29082972295953400000
0x44ac0c2a2aad09512452a96bd04e8d538948a107,24306357249283700000
0x44ac27c2c14bd7cb54ce31b17886a1e05684fe9d,11937296892664800000
0x44af8bfd575ba95b91211242b74222dd5802e6fd,21993014802518600000
0x44eb9755fb6c003fac5c30bb9df7661555e5d653,9173781935380240000
0x44fbef86239debd8e68a22a9ba58cd7ab6be6947,560552662346233000000
0x4527578619a32b0d06d3414018d6e6fbfd1edd76,17384611473860000000
0x454f1fc4007dc5de55692d858f82cd3818b3504f,1232344706652750000000
0x45504d8f0de9e12169bc1c6ae572ff200be1e69b,42152138615560300000
0x456f188bde5f9f726e2bee2ada41058c83bd4894,44157001606737500000
0x45d8f466cb8a27debd65df1c9665be9299029973,549805808332673000000
0x4613eeaa10746596db2043046d47b52f00604cf4,1732203118529940000000
0x464b564ee167ffbb427f8dca43c8a409fee8c1b6,21535210170194800000
0x465e3e49e17fdb604bfc65f76035c8481b744438,643202394729946000000
0x467d9d8282198a71c6f6f13c9aa8c381a85528c5,303511220908915000000
0x471f59dd44f4b3c8f075ffa6ec59362d3c3cd6dc,526441089027238000000
0x47ab977b291623d34d0eb4c8809a92a34af297b7,15498278882478300000
0x47ee54fd6d19dd6fbfa8fb758d8c3fa57a464941,1015052877418290000000
0x47fcde8702f6843b6ba39a595a2fb1e93820bdd2,566682055279348000000
0x4809dff1ad74e382d7f3e28c5cd4bb4815bee2f4,1022961292597170000000
0x48323d0cb8930c6a5e0cdf234e20b9cc9bec6926,495864199933241000000
0x4861af55f1d6868d78273c37b24cede969576dda,8457826987214160000
0x4869e07e1237ba6d0f908ed90682d706dd438b56,17333526701424700000
0x48731a48591b8a1869fa0f742334532a88b2ce92,44973970865197500000
0x4881c84c88fa1c482439801c4130ddfd09be8a51,113670224234295000000
0x489e965365c8918cb58295ee76e469d0e33db766,4179607133602460000
0x48a8c837a6156920ae0bba872fa8e8e38a97d48d,4715197589168920000
0x48c9a090feef87fa7d161bcb3cae259ad1514bc1,10541522785380500000
0x48d7b3659c1f93562205c97d784fcd13ea940499,5807795172131270000
0x491510520c47ebec2120b353e5a1fbd41f4c1903,286184740647481000000
0x496ea957960bf9a2bbc1d3c114eaa124e07d0543,1868139908175430000
0x498e9ff9749c1fa39b45d6d2928b3cba3de54d46,1048889621629420000
0x499b1a28dbf23e998adb06407a7b3d027337b2f5,8990903850537330000
0x49cf167ad17537342da7e1007c8c0fa89684b39c,285288639687235000000
0x49f68a2e845f5d05740c4919bbf34697be11af55,15219308161088800000
0x4a2517721a21d8605b7404b01a0a33806777fafc,65191690860723300000
0x4a3896ee3c033b611e326a47c2f1066def496ab5,42755965667223700000
0x4a715c0d92e4eb38756df3d8c0c562374aeb1d02,1210706146585040000000
0x4ac817c046306f2a9ff33803421ee90542e36dce,60139624036938100000
0x4ad2e794f86b1fe65c2086cdb87a80d44a72fc85,1475962225695940000000
0x4adca3143018cb70af705b44becdfdc51545d264,1376637260360320000
0x4b1d597296aa973561e791af5d940a38ccbf0aa9,259417575653905000000
0x4b49895fd457e25efc29c218981d3f8a03dc85f0,1000395293361390000000
0x4b4d57a90818a0cb92bc05fe235be6b35664d4b4,21323357105494200000
0x4bbe03e8f66a97842e9bacb69302cae3557bf3d2,40922712250075400000
0x4c0b45f9b4fe3f5f8a35fcd15aba4347a0a8f4a4,1268986246723990000000
0x4c0db6794a600383a788f312a0c7a28ca6d99628,68029563084641600000
0x4c3d3505d34213751c4b4d621cb6bde7e664e222,1178540365707480000000000
0x4c679d206d5c5927e5869b8e5e1502087e185d21,52621648815231700000
0x4ca1692357f441c755993c530ff24f506f03f78f,2044115936972330000
0x4cdcce48d50d35c4d6066444160ea55f6a2b018e,570790441225083000000
0x4d322dfbc16cf38e65cd19eda193899ff89f9e7a,282419984975343000000
0x4d464cf5396e2dce37cc32776e2f8c4fc0a779cc,29868862774604800000
0x4db941c235b7ca3940825dcb9d6d4b8c9054daf6,292491292158617000000
0x4e3ef3aa2396d4d238aacb6f39cbbefee8e58699,53251097355306300000
0x4e4842749e799b384601489f1653213d86c31e1b,18576908419145000000
0x4eaba80c9e184c10488cf0f8629677c788c7d5ec,17249533399303300000
0x4ed9c6193ede88a5d41b2e833e46508800420780,1162095554307720000000
0x4ee58a3585a42a8c947a1de7184d7bf05d273d6b,56372518426017600000
0x4ef59e60d5eb5b35ef4b4d570cfafa752d581cf7,97644955730644000000
0x4f56f4ea1e21b9bfb27cad5f59bc7fc132683c60,38529884128597000000
0x4f7e8446231fe14656f0e543741f584f9281d55c,220109147864967000000
0x4f8ebb9a9e347054b22fd4e8d3b4f3092b9362e7,462529620917283000000
0x501c91f1d44177c84b9964a64c76f4036080e260,5721638248369190000
0x5129d3a8e09faf940c01a8828557190e32cbe9e0,825640374184221000000
0x51519e8e257bb13da00d049f5e83fb5c5f1e90a5,28681519258756600000
0x515236f6f211553adef428b060f618be5e934292,116657066081477000000
0x51e750b78b744bf18271051d6428e6d281671976,664825920449913000000
0x51e9ccf8fddc1ad0fc09d7ce7cb75a3226dc28a7,5903041106717940000
0x520e89e220793e19faa90dfd27e27b97b945ffb7,332425403883715000000
0x5214864f9d9c6ced59849c90c85eb2f298cefc8a,38065912674195500000
0x5289afda520b84f629ff7232258418bd4cca0fa7,18373404936379600000
0x52bde4250707dd9ef2bc10bb52fb84985b92aae6,54822432020661900000
0x531ddf168c97538847a6208207de3e9089984658,9359949552976900000
0x531ffab0a033707f3794222b9ba6c64d0099374a,51643800727632700
0x5320e3e2a5a8061fe451d4243ebd716040ae54e0,70966255131171600000
0x5406bdb3b82287307537ec4710adfd3413986ce4,128342861695665000000
0x5428c2e416bfd5493a3f2c5765c85dd29aef02a7,3024736255762270000
0x5465bf36f820577f4a568fdcfb96eef9666a0a8a,20560480811876200000
0x548741151477529240a4dccd3388f1f7d1f8fee4,3447372698751300000000
0x54a3001e201fc21aa4a2c42457a77406c34a31a9,39600624505952200000
0x54a5a62d34d3c55cb35bb8b4d4c958c820c5f322,3598502122085140000
0x54f0ae691197f3de9178ea6b0bd4d7113ec045fa,81051302027924100000
0x55630eda9b5701ece290457dddb7996b8c5dd3bc,289363284718852000000
0x559a5768fb9f96d2492b65e098a0344501d20563,27335885969004400000
0x55a399670d100e3acd3ab81610169a00b014bb6a,14614206061900200000
0x55ac378df3ac890bdda08f5ebd084743acac0ae5,71218704647930400000
0x55add6bc6454a9bbab93acd97b6e72d8bebfc719,5500599648453990000
0x55fb5b0e5dc7e7e49da84ebcae0c61a7c4475745,3028287083343920000
0x55ff71758d16d121ca6b0580a2da43d97f4921ce,129961910751220000000
0x5632c8a52cfde98ab32ef9c1ccdebc16ae59f243,125284080362772000000
0x56505dc7af840fd668836b77925c8e98307e8380,1885422652986210000
0x56695371dae9d94f3aca92dfaef5b5b79822c07d,30721261617339100000
0x56f2fcaf9594984ae7af5fcfa1a638692a06f4e1,1304585287422830000000
0x56f593f415a91dce3e334740e0c2060e43240863,52400031440860400000
0x56f6d65bc755703fd01c2e550a241743f9a8a33c,17324715608453500000
0x5717d38c72ba2e3ffc002cff31440d438d006835,56297593647600300000
0x577cdcfe9e1e6f2ae60bc2d9d54a79aea92ed933,3291138246513810000
0x57daf7d3de64979aab691c1f0f9501f3fff68c35,45506010352035400000
0x57f62d73e8109a70fa1f9439ca0d9dc0c1eb1e59,292038863314720000000
0x580082b5efe12bc6e030abebd2f5f587cce45eae,42782735459120100000
0x580fbb6259a086932eaa3f9183f7537091e52c1e,114598542840934000000
0x5840c74543af2e5196cafceeae2951cb85e433e0,1237950824745040000000
0x589079f57c6ad630bbcdbd93b9933fa0de2be34a,1706827729348060000000
0x589c9da628810d90d8aa6ccfefb6fed6e72f722f,526521297412477000000
0x589d8b4945dcbaeb57f4fbc41106614c1ba27c72,19539822753356400000
0x590ef336b0617900bd61201cc34c3cceecd20381,77173459948621000000
0x592bb164b260f624e4c5f7a2cb4e47d0067f4b66,74704156114911100000
0x5999865518c9de250b820762130ff7a7119a4558,5628369825726380000
0x5aabb91d1f6cc1ce503b4bbc69f1f4119a46bf50,78981653908730400000
0x5aadbfee6d7972170ee94b127560e10557825638,48498751189806900000
0x5afdd9f9de393010aa8c3adbf04242e06e62de01,25188718876805000000
0x5b0439dcebe942df26bafee7878dddf52971834d,34982338138718000000
0x5b395b4253915263e9810d4ed80e08b261622c28,398528238821349000000
0x5b67ef99720fb9ba19ce8d43e4c1a607721ea068,46660849401614900000
0x5b9cfc77f0d8d441ed3eadd8028dd2212d19937f,10603362953643700000
0x5bd8a14c37969c71f39a30208c1a5105270f9dbd,6765585680075840000
0x5beb67076ec368d4c496fb52103806cb403ac154,21241855586378700000
0x5c1f6a7d1cc457999998df8f7202bd03bd72cd4d,6914772868513790000
0x5c839ff08e4d47c024820cdfbfa979aad283ba3a,9314667978978310000
0x5c9359dcd2c749c368cde85dfe9a5230d1760c47,191085746513488000000
0x5cb8fe75bbdc1d6faab1e04de081adbfff9515bc,202961206133459000000
0x5ced63773493e854278716ed45de8bf1da1d2c3f,1012603499092320000
0x5d1d6f7ebaba9e1b2ec0bfd82c5a68fd16212648,1398693646115220000000
0x5d655d6d1f5150832245370a1c2ab85b410cd0cb,84605232867538100000
0x5db8eff3bd353f7f676f3444d4da359c97f554f5,36358755737223700000
0x5dc52bf79ea83eff9195540fb0d6265c77fd5e62,1250129718275370000000
0x5df89a63c746f7e6117953de01dec6e16c72d3cc,23488940276061700000
0x5e4b9ee7bc57d77e13b050e078885651b4d092cc,4988545909582430000
0x5e5ca22f828ac31dbf7e28da67be2af9213e59d5,1079316145922990000
0x5e763d07ca49ba1568634135e901378a802f966f,10619559235524400000
0x5eff68462efac9507e74c912a84f495dc22578fb,22517025129204200000
0x5f2491ba76084ad876b606adbbafcd1b2a69e741,24253080375655300000
0x5ff6bc47b41c2a77b5b89610d96b0f1f32208970,134714121507743000000
0x604eb5d4126e3318ec27721bd5059307684f5c89,1576228748787820000000
0x6072951b4d2e87ce12d0c925b81cc780d47f3f72,233176279007657000000
0x609f10ef05e5b068382d1a6d68409b437160d064,971656403322357000000
0x6145ef246f7a28a807bdbb2cd3a442e9a32097a0,11154206025706300000
0x616cc7a216dbb411f0632e6b65ce2b1a9d9a05f3,141629399822066000
0x618ac8b377bab03a9de2b5baccc226ee452dc738,5496964167860330000
0x61a7c53e99cc92d260c19e810ecf825feb1026fe,11250455551832500000
0x61f31cb9c938ad6fd13b18124ebfc278626667b3,10932090139661500000
0x61fdcdcc83dbdc724b7547a38d05beb40fd53d1f,1710636936172560000000
0x622e7f02a9b078aafc119c59b4b584758ebc0e5c,51111787065911800000
0x6248baf0e604d0c10d761ce1eeef600ac39db0e7,353488104805259000000
0x6249b213cecbe60f9faa45044b07cfccd567ad4e,431817560516627000000
0x6298b4449b0417e88cc3a63bf9322742c4a2ef33,74127612477441900000
0x62a602200a1836d9773b549feef634169b4347e4,51823953003894100000
0x62b0a9e1ec4a70e122609aa6058de61c044587ec,49641069209344000000
0x62b95432f8aa1001ece13fa5986060cdfc134194,802769042560972000
0x630cf545b04b6458fadc98654681456009f19478,640199650862032000000
0x63146c90f668c859c4f8dfe720bc5d808342778f,139977273315155000000
0x634c2d8586ff437ed40f45acd6aa35c2e0e55fb2,34435142584075400000
0x639d2df11ec5c33d2a659693c2eef0fd26192208,3155039097221440000
0x63b68919a474e9e9633fcce41c4aef18a5e2b3ad,1031291048285660000000
0x63bf3dea87743b197f5fd37e5715840e63a882cd,3139456860354300000000
0x641fd2ac22cca79a17daec8ee8a6ded238b17c6f,93358520829052900000
0x644836bea663110be0afb0b04dc1ec7492deb14a,1336693160417450000000
0x644d697906cf66dbe99192c83d721c80ee68dd14,1215605686702260000000
0x64c12341fd751d16ca5d2701a4487761069d1756,1269784396422360000000
0x651ab932eefd8f28e04026af95a9a09bbb7ca4c2,124327679679241000000
0x65a0c57e35ad53a7f91fb3843ac4b15d36ce2d65,14905090404123000000
0x65dc40075dad90a6150015fcedb157b79e379a98,269224485187441000000
0x65df8d9b1b6f9f702d85200012bf3766fecc1131,143110998191932000000
0x65eac40bac865e493f0498cddcb42c66af13d3b0,77864982636647600000
0x667ca2e6de60de702c22752fbdfd1487edbafdb7,69700360933265500000
0x66dad3b84a2de219ba2708dab48e202f868df8de,418286330321307000000
0x66de3411adbb675f7791d1f337971976acc39398,104041893056929000000
0x66f6794168b6e0c8a55a675ea262625304e755f7,18881466060945200000
0x672a6943c6dd3bd810d5591bc9a6e86073f51c14,71585209857232100000
0x67611d1607f4c712fb12e2b5e2a855f8cd8dca1d,4462286691110810000000
0x679d6da520cb661458c9e3720fd7728367cf4ea0,2284267519402330000000
0x67af041e45c34ba7917a4c64ddd869b10b4b260f,6505740355840490000
0x67cb02e30f1feb871bc19a9c16d0c3dc3e1d9fb7,277875367117509000000
0x6826e4f89ca3763d9cd5abfc418d4353f6ac971b,1742277688497700000000
0x68303a858d10f9cff32373e3f5ca6b2a13af8c3c,1026044481461150000000
0x68ba0c946f3b33effbbb2d0cd751bcad3b2d491a,235460422742654000000
0x69325dfa5920643aa5b9059a0e475c6d0490d25d,912233250288914000000
0x6953ddf534337adc0c344ebd9bc8909dced2d7b2,1752208104772970000
0x698ed88b34bf29850a8c11a3d32d03e94414ffdf,1553614918976210000000
0x69a77564529f1889d1ee6f74741177b08b2fde55,80339614070310000000
0x69da117b401290fc387d0cf8be8e8b6f42aa311f,2591593396744920000
0x69dd8cb57ec4b27fc1718b2f5250a96f1c7fb90a,30656782342821900000
0x6a006569a49ea6de78bf72dec52d5f2bf9f208f1,25650519338014500000
0x6a025c8e763b667800bcff5c439c3f7d4aca157e,29580513099979400000
0x6a4dc5b4b5192c33717dc77f26aa84d08079d56b,64712537539356900000
0x6a56d365de395cc33368cb555fd17a2cad553065,48552006993832900000
0x6a5748c87a03a721c9ee0d81fc51b5e9755570cc,18094066309843000000000
0x6a599aef3a4927d886a369d9c1b6566942e1a3af,527590400659951000000
0x6a85bf836a4a87ace31aa18d04761287555a178e,952085848723823000000
0x6b0fb0b2eef4faf71cdf49b157a5105ad1fd69e9,51579073142886700
0x6b10e7ef8c3ed64f4c7fab67d009a7d2a7f31aee,33017596111172300000
0x6b531ded049757ab246d8e8a83c4b0bd210be43a,68691290478828600000
0x6b6f71ec9e804524d14b0db51e133362db3137c2,5232558248145480000
0x6b9e3ef4de7e676bd0ba4bc7b12596a983531103,68723885993648700000
0x6baef39430731ebb99216ac7bef0932d76af63f6,20474594884107000000
0x6bd3e8ec5471b08cbb44935acf460e98c3466791,68524346956712500000
0x6bd755dc0d5f8d3740b705b76d63074a4cef1b95,20280861128214200000
0x6c1ebdf04f137fa2aa6b7e98d69e99da5df1151e,1763508415801010000000
0x6c4a6628ef83594ffaecd21ad36a85203c05f0a6,6690727893378280000
0x6c536f49e8056a2664d2ed1a677ae6e0077ec190,4682790089347960000000
0x6c54dee0a69e004bbe0f64c377278c5114e79fa1,846156445772480000000
0x6ca4197155fafd65495b97058635b092938a3c76,366951277415210000
0x6cb36e292d1a590603ebd822d8c826799a1bb836,692183076096738000000
0x6cd33d7653d8bcc657640c7e06be8602bd7b2266,108632002156161000000
0x6ce00156d3ba5bcc431742c8c28af7df49a09215,1414479281561020000000
0x6d002e4a3b04fb275a52a28b286b2aecd1cd53bc,177952800256531000000
0x6d06dd922210c87df1f532b4805badf782e598b9,48071982233095800000
0x6d17d98f96a3b08a49a4ff75312e8b0b86b33e2a,24919550608065900000
0x6d32b62cc6435da223837414ed39507bae58cbae,1970151443224200000000
0x6d6075b67ea8a9bf2276ec42de689bcc59c2e65e,3593907660137280000000
0x6d9a4667e14783282517d0e3ebecf29da808c6de,2691436445965130000000
0x6e2b36cf032f1edc6f1772141d338e8911627fa0,36303575055132600000
0x6e34ee52c32fd0a8abcab20798e93fc377a98130,53116709983513800000
0x6e496a605b93d1332b3e07cb1535365ebc50bbd3,34345338733738500000
0x6e4d7fdd7cae2a616b37a44f0e090a281120d1c1,42433779277005900000
0x6e5ba5499bd4bba442dc88242f9c7929ad3151ee,1460828772282810000000
0x6e9e234f0545aa84ab6f24abcce8e654b0096fa0,88902051611280400000
0x6ec0ab588b74f2792b2863b5c9532d236e9f452f,77884018579275600000
0x6ed1d3efac0d330deab25c11fc5ffa6b7bdc6548,936039449933035000000
0x6ee7fe8d2fb35268d73ad9ff5607393af0001363,249592746926094000000
0x6f6c35b133645d39316b4c8aab466515eebecbfa,186522496106959000000
0x6fb381669d62143f1e990912cba6b9c8cf6e5eb5,2972341429553050000
0x70093ff5e7f6227fe2bb63608cf23e598a940e32,697207427088898000000
0x701f3bdc41a1fcf86b2066e3fcf51c66545b9694,1015444342269970000
0x7026c310fc989dfd3be9f086348fda0c1f9f91c1,1276337272987800000
0x704a7e5395f736ece6ae83fab8b34e08527d73aa,16812368971595700000
0x7090211cd50293280e1b33b84e6874b57978025b,1218887901557110000000
0x70c25bc57ba1f582075893d50de804d407fe68ea,306232449568465000000
0x70e82f7830a04832997e7c82f3a27c0704de4d02,29815022042284100
0x70f946d149e62eaa199cc2fd331374f81f2a777e,5543984892051440000
0x716cf8527dd500b1e56afbf26a2a17f83632e6ef,157977490240636000000
0x71a32bca820eb0ec1c259341b517098f718aeadc,246694657507121000000
0x71f485490d0dc33f774073f0cf0e1dacfcbd6d71,176206594462517000000
0x71f8e7f830b3af30f6cdfbd6095f8169d04590d4,5539435325313770000
0x722781db748cc00a944d113db22cd9cf0986e1d8,766076883033085000000
0x725e9e3344259471988e8d492d37207b05c7f8c5,9988261550758530000
0x7276f8b3a8eb15679f572973f5296b8cc4c08fc5,41383391859446400000
0x7298c8b33d8c93faedcffe0478684c12791c458f,678575306465005000000
0x72b572ee3b0825b2b08b4c7a4744138baf8c9746,160607800889203000000
0x72b58b06aed8cff8b5f424f55f7dd6edc955d749,47839328850117200000
0x73258b80638cd79e168c638a997f90052051d7be,600429436140584000000
0x733e766a6388c178dfe2d047256814959322d9e4,3571577375488430000
0x734485427f887cdd1b7dc0e4e73ca9d09a85d7af,524811525513291000000
0x737c996e6004db6534a7c77b6e1af166b79a3a26,2379696702721880000
0x7393bd7fa4e0f1ff8b246d38655787a8afa17bc9,333423714114197000000
0x73a382055345ba0496260f0f95a02734ff53b2b8,5847983606753390000
0x73d2f0ca4304db9c9be7ff0c9c3523ad6adc41ab,6136967722000980000
0x73edcd0f5cf8df7a3e1d11ef5d696c266d996f9d,2155275020089690000
0x73fa5354bbcab713090b9a28153435a5674a81cc,100762254079162000000
0x74248cff3f0b43b1fbf9cffb09378e49b58a94fd,9866063221111610000
0x742c95602d7f67b8a5b48a513bce27b844bd87a0,22050810297979300000
0x743a69a1235e1e296cc044581a7ecb19328716ac,103994303642910000000
0x74e9839c482fbcd0b12b1fb6257e25549b957fac,84093001074318900000
0x7510b6292ac70aac3d17cdd323a03cf9382d5c31,122961409336307000000
0x753df6b9c0bfcba4aea0d4d61a98d4b24993e8e1,2341767121002200000
0x7566138f5ab74dfb3f00b8b1feab403f6db4755a,18243330699056000000
0x75786e168f520d3565667d966c89a00703f839ed,14744986422720700000
0x75899262539b76598069e373415dfd77c8b71e85,874465129768880000
0x759114d84d99f69da9689e86ce5490524406e024,104040511712363000000
0x75fb18158fe867958e24dd16a22d94a1bb58c0ba,17852509090480000000
0x7644e55de551555ad771439a67a1228df4da49b5,747584850656540000
0x769a1482e52d28225e6a71ec56b58ff6bb0daf63,10122173828853700000
0x76bf767257428f3ad7eb246862063651a12edfc2,392605376356586000000
0x76c09e96725343b697dd6780d802c67c2678adb0,22786959669796500000
0x76cca216cef6869926f20303e8b27a2344285dc7,21825101274409300000
0x772544c2aeda57535ed9143916e20e55449ab949,223397640701799000000
0x7746085f5302cdfc46fab65efa3cafdbf3edf3fc,2097610477576260000
0x776bf0ab7c3b2589866247a3e319c3376f29c8c8,94252193811066600000
0x7788dc7cb6dd389c57140a89ac26587facd8d08f,3577774954798290000
0x779b2f454cf95fa735c146092a41d43db37dd3f1,812653482197253000000
0x77c16a7d18f7e917a2699c81e4702bef2b522522,100995353094793000000
0x77cbf5a0ed1ff7b98178ee64148dd85660bb1d60,29635973961557200000
0x77cf8cc39f31e9a54dfae460e46c38fe79a9b3c1,215017163368204000
0x77d179d9120c7d500fd9d50381e34ee1fd2ee25c,1227807509326910000000
0x78bf2abe1f90bd981e6e65879afc1310d1e77667,1383845050047230000000
0x78c4842cb8db6353c4f85386452d2cde6bf2aea4,1517835536900070000
0x792fbc96219bf17001030f142676f855a3267294,10064254314570800000
0x79482013723bb6b40f7b9d0b97b1988db1f145b8,1380726888532650000000
0x79df0010ae0434534e75321bea2b858036c661bb,26098377555689000000
0x7a001ea4268c08d03ddd3b63134243a85e155774,544311061499228000000
0x7a536c4fbc2a656b0a26a487a3458f0343a84d9c,155098655140948000000
0x7a864c3d1fcad4e86d261a720ad8df6b9859a0df,42713874419582400000
0x7aae43d0d6dd059fb6e9a935ccd87899e18904c8,145742228171393000000
0x7ad9386e30e13d3d1268a9f6d9bb7f36f164b6e3,3559787276929000000
0x7add606bf39f8ab9fd5a66fc1c363e73598def07,1091100011624700000000
0x7af2a27665d5bbc5352342fcaf072a6f4a4011d2,10634183552879824000000
0x7b0f86028e8118031f6dab94536237e3bff349d7,8468584600434020000
0x7b20f3306291c8ea0987a26a2ba799c9ea3eaf6c,1765964821538960000
0x7b48593d449c274e135490832196056808a6fb7e,5868427740572580000
0x7b5755cff679612a66cc246383f30b3d92758d28,212035718054284000000
0x7b92ee4f16ff5fc0958425a4dec07d35f27e91c1,3341169468761230000
0x7cb22da2c3970d7c182585da4a0d5ade1f9ca2a3,1229097353052500000000
0x7d134b613721a559c7a6150db30d88ae7abca429,81433418769617100000
0x7d1480691773144bf7750c81fda9504eb901a433,32166869380383800000
0x7da857e5500fbbe4ccbeb51235eccb6e6ee60cf5,102673453064865000000
0x7dc1a1f4f4b631cd3201b3298cd261c55b54397a,42046500537159400000
0x7df379eeb4ef2c9486f1ffc234361d21285405dd,90299312052239300000
0x7df619853181f27534c61d5a702c49b4b7c49778,203057219666108000000
0x7e278e385ca80e447f10fae71e38ba972a5a7364,62434649172999900000
0x7e63c3cdc718908eabf0a02bd737c64beec86f17,1772383138801450000000
0x7e65a4475c8fbddac36edce2db27989562a3cad3,176681965646433000000
0x7e88be735e04fc26e6ff25adf604a24f1e1644e0,1293848316085400000
0x7ea60b6db6e252d7a8f1c42072e2ef603c54fe4a,1854294959612200000000
0x7f7c428e15572e8c89f981c668333f0684b5547f,36957262246539400000
0x7fe67db52054f274e6ab8fc9f95981489e8a71f8,69156726452566500000
0x8046bc2af3556c8657995d5c268195286925c67c,751489290549321000000
0x80755db9568e7a7ed349d1d3ce964ad86aa31044,194339823764603000000
0x80832fdc8204b241c0b93d887ed2c0287c258573,94652742321443300000
0x808e25b957b2dc303f4ece4bfa4924ad11a59ea2,143595188589715000000
0x80a8486729953e6cc09b032cf37fae030857cb12,3177727825481080000
0x80c82cc110c288e7a144163ccedcb067ed865bd9,388575128308970000000
0x812a70181039ba59678f2fd31b71e7888e12ee5b,347953502215326000000
0x81658b462404812495d4ca9499d97b2d68bdb756,22182677138634700000
0x8225c159c1d60fcbbc8c371e8e83aaa4b370a54b,106083807534890000000
0x82728bd2b5f4b678c7743005f1832c3208e13041,13453520026995500000
0x829fa0871288b8e4c3cfa4e9c3549a8edbd09f27,14135202383394400000
0x83193738e5432ae814a1d551d2da623ce9b500c6,895158251955772000000
0x834b3c2eb9407195aca110d2f4a571fba14ca651,38224091397417700000
0x8364ae5d44f2c82c6008977d30d18244d50c947d,9962760062517680000
0x83a97ee64d4ea4b5dfe9d262e67dff9f802bfb07,1610474440079070000000
0x83e3187d3d64749b252d93a98e501c18c9974f2f,12356407091581700000
0x84036e606dfb0115a4bd9d1a8177dcdbd3c94894,1919980779611010000
0x843fb9690aeff8382d0709cecca4938839574b6f,6376389812929270000
0x844327effd4ba671a61fcfe20eeb663fb0966b03,20927572585038000000
0x845910d57e2c55c704d4feadb297a6a24af8e023,67772043898532600000
0x8462f939e151a10b309ba7f0c9c0b3ccbb68c93d,8639728314764010000
0x84889affc24edc65da221c7b34a2c5606df082be,161463326617035000000
0x8490214c89e408b5ac81ae857c74797fc19df87a,1222354513947830000000
0x84bfbb65c8e7ad4cd835de354ad43a0f0f10e3b6,306945133642595000000
0x8525b969c183de53f67d0b723d1aa9448e630044,13052777962064600000
0x853cea7ff3d568c66614d1cb37b7d6d75b81d573,42088722175188100000
0x85a10b50f5ef29b4fa1f1396fed7d5c63412f31f,132597350760377000
0x85e5b092a8152db7253574fa2157aaaa2493ef9c,37841850483443500000
0x86173f99ce46e5f0dbb6faa43b96a3f873afe1f4,188131333039810000000
0x863944a9ad080c81e21a8111245da636b8e4c6da,284060370111266000
0x8640c518406417d8f53bc8a9fec37a6f29b7830c,30235329244058700000
0x870fc44f3170cfe10d27d1871c05299632300a78,405382381365159000000
0x872b39ac5f6472ad8f1c6b70bc86f933bd9a8bc4,2524533623141160000000
0x880fbb859a443067babfa4e7fb5a7ca51720e042,23636115666126900000
0x881115f9f8f8741a9f72f6215e29b9c6014ae271,83740093134047800000
0x88122d927057f27c971b15661ddf409753eeccac,454509522299414000000
0x882fe4822ef3cfbb352409b45d33d60979629e56,1025434432154150000000
0x8893f47c763b85fbd874aaa4df22a219db05e80a,595502234293992000000
0x88baa8e1555a3cfeb125ef3da3d5e88e633f865d,222464689734113000000
0x88ede20d971e7ce2d4fd4f9c3744d28c028855d3,603350464108023000000
0x89328fdee7b43bbd2b4fbe4a13dc04dd8d87c195,40518247370886000000
0x897ceb4a514f7d4d9e0f4ce3347d44966554376b,152117358200983000000
0x898e24a611881abe1f5ca50e1ab586e6c4313e2b,8593473676984650000
0x89b6d742372a686573950da4f0fd2c49751cb32d,2635288085313320000
0x89c25fd642b855dbec3b3c2a6c2675c6f08a8f68,3558222351733880000
0x89c3fad61bbf889e3f56d4193bf91948978db3e4,1590564648701550000
0x89ca9d4c4fb17fae2943791cc9a534f6f7c48949,6096742577888120000
0x89d4e55592947d79aeed5e2787f9df93c90bd991,997151590412414000000
0x89da62b9a45b7f752336aee39d1c4d00fa5926e7,185260250021989000000
0x89eba635ed585a9bbdef25e22f8625bf18f5b13b,181399638220746000000
0x8a2895767d27620c264b030973d6a2cee159ff31,53225089108147200000
0x8a30a3c6df49dd4c83201de34350b3a8a1c57843,133334567278362000000
0x8a42ed19420f021ac2882d3265c2d3925dba194d,76034257181906100000
0x8a625e14d716b929c539887041462ee8a64cc927,34492817027379900000
0x8aba7233799382ce127c8b1e5731da4d11f5b3a2,22348719897799600000
0x8ae7070950fc8b4e7d7ec4c7fc030988b5c02ff2,48156794699629800000
0x8aeb5835d92cfe93ede77fad7c93cb17b2d9231b,602902479242136000000
0x8af137d3cef3feb21a0d0b38dafde168605bc9ee,85115189189904800000
0x8b4d1f7ca7a7c2987398afea49f0d1df6de9d2ac,67968223500959000000
0x8b7604bdbb8ffa111bfa7014ac7d3698d6a901e8,4479945164371580000
0x8bbc0882b98a403983b4144314a97bd94c484657,1731831231125870000
0x8c06a660ffee13f8295f64312fba1137b555df66,32299697342779300000
0x8c1c963b372c3b86528dab061055ba453df67e44,7604403645917180000
0x8c2054c58c9279cad2fa2da5f4cb7d2183b9f7c6,41526652894154600000
0x8c3536ea63fccee9264bd4eda847d603f6954923,6340538956375060000
0x8c460ea1ffc2e494f44b65535dffd0c7159128fa,89579993948551000000
0x8c4f94d553328d27d0fb970f8dd32c263f260768,156959658839967000
0x8c51d2e48faa7a21359d28b96fe683fdf9a6e58d,73953059367792300000
0x8c64e51c9bca21e2d2e4e9ecfe3dc6499804a5f5,11763448546329600000
0x8cac342dcd543fddb7c291e13b14c265ef4dccf8,576018802756172000000
0x8cc7f9a9d22c5e76171fdb972fca50aaa1bd00b0,422670579880978000000
0x8d80598d04c58ed0241c1eb564edc2d1db81bf9a,74557938040040700000
0x8da5b713890ebe4e080bb5e1f5c7f62ece88fcb4,44722640401121400000
0x8dcd210f4c738b98fabfe5ca72386a53c0470dfd,151769786103465000000
0x8dea2fb50dfa3cd081e09d5dd42521f14f50c7e4,99326802914857500000
0x8df7ea3068d3163d700ea4610fb9348bd4afd230,1244576587405210000000
0x8eb632e52bfd242bb1bc53236d0d33f36fca49a6,13708934102935700000
0x8ec1efb8465e2f120d744936e3bbe45174910868,7580679660521770000
0x8ed63abf801d1ea4c5e8ccb980883bfd7e21a2e2,423353629258012000000
0x8f36955ce1c2d2b50000afec410ddc1608b74c91,15070938567280700000
0x8f3a35405f4fad547c1ddac898322616659724df,1189613536954510000000
0x8f5febebe68991cd553014e174af4f60e382624f,1556724564312780000000
0x8fa2c61b437ef039a1bfb809d6b2148a26152f62,98953095584024000000
0x8fad52b4d6aa8f5ca600ce071eb365ab2d0ed3fe,7821031340825630000
0x8fc4e92a3dceb3a140ea148f25bdd36da629d55e,11324110229453400000
0x8fe8d8e89b88ee4119a504f86a9553b9b694dcb1,21703349006111800000
0x8fe9c787995d12b6ef3a9448aa944593dac93c6c,431817560516627000000
0x9047ae3aa9664d0e69de6ce78e6925aed9b2a718,340196433291761000000
0x906d6b687e3438e89afae5dca0a66296cd2bdfbd,11376426303097600000
0x90884c289b85fc35be75c9302f84d1aa18cc264e,116595567059776000000
0x90b956d2a705f8bf79a70def26ca1eb8863fc4d0,282795079312998000000
0x90fdf1b91a06e59b736e3a6fbfc5f0d06b4e928f,66586367214301600000
0x91209adaf554e7e53ba332b31d7dd986aa8c274c,730580365231913000000
0x917c19f0050c9e6161232ff8d0efe49518fd2d4f,858030546495545000000
0x918b89756901915f69f14fcd1cfa407c49eddbca,6536433039145830000
0x919eef36956776968b5c8f84973ae8895426f88a,2825854358526450000
0x91a3cafca9853c2e259c29bc8ba808ff66a3c880,67528181186892300000
0x91ef752e6d0c40ea0b1d542b440ba4cb35b3ac38,3697548184719720000
0x922d372fd2331b736214248202ee7d053494f4e4,357922308769865000000
0x9245be59c764a2c6569aa082a3bcfc11c13c3e2b,723628385708914000000
0x9282519ce1ec01377e8562018debb2e7be1f2f80,33984547101336600000
0x92ee600bb6a9e339b28276ad73b5aa5aa57c51bc,183717569938208000000
0x9325564ade7683706107685cf1993678b1163261,68586902165370600000
0x9367fb2774082ceb868f41221d05840736632650,167480705114012000000
0x937dd8646282f43210ff2afd6f45746d852a1f02,13080964021720700000
0x93a782a8cdd835de0751a63d42fb777f7840158d,64972194590330100000
0x93bcd3f7ce37d4107bcbe17e91d483a0dbf02961,54671767861282700000
0x94091cbf9959a0322ccb63f5674cda6211f7e4ac,314513302905682000000
0x94172ef86cb242b61147fccadf42a38dd03f7d49,5045580064459130000
0x9427a3ab16b56d9d595a0f6566c7ea662300cb46,1079080982047170000000
0x943159aa9310c450d3d47811cdf4494795b119d6,25992382150244000000
0x94900848a3c5a88681f1148d8e4584a055c4f4d7,4103314822647590000
0x94e899dbd6d331f41d12a0aa9e9b04190c167441,1500109726691500000000
0x94f4a008074e4b1fb499175d04263acdb81ab797,1427773088611110000000
0x95595de747744227fb347c00b133a924fb654edf,300343363999841000000
0x95a8bcdf8dbfdbfbcf3310553ad8e82f28c5a0cd,4150402714527780000
0x95b0a54b0b975cf29a0b111e2ee699fe8e1b8566,383392161140939000000
0x95dd613aeadee328de31c073d4c7653781743898,153306930457886000000
0x95ea15b4565a8e877a87e716743da7aada225901,27138610377777900000
0x9628eb2b975715231e687417d236ce6b9a391789,314144224817713000000
0x9637e189731eaf38d5837ca6bba75b56775c395b,582063301538650000000
0x96c8dda49811394a627383ebba9c278244bdbcff,87317921576815700000
0x9731b1ba46fad438d3cb960dd965e4d785e48a01,1433678108592840000000
0x97364305b4e4cb44f3809626b8fba11f7b56de2a,226668629357531000000
0x9786eb9904a1fa1240ce147155f18de4d6785d5b,5042344364022190000
0x97ac86e172449fc648e81159a70025c26ec4f8fc,19173748691738500000
0x97c502f467e0547a28bb937fe2534eceb2ba6a29,287946674768702000000
0x9848c2e17c5aba3972e007964cb391922ca6a7e5,1033687584833000000
0x987a71e2267f4f646711355c4ae23b475ebf66aa,22829695656351900000
0x987be2c81f3e0017188fe44f504598734d2757dd,1100381030975080000000
0x98c0d7d027be8fb628c149971be865f5c0a7e0e8,182652588277453000000
0x992230f727e8db1b3ba71f6afba8be33d18aa02b,24319618098435100000
0x996eec5a4e8ae40fb514521c74904a606507fee6,258395461234121000000
0x99930fb80543d2c7a7ead7725b39873031ea7be1,242778412578193000000
0x99f05ccd652f5d197e2c94af213e09ce08fa73ad,953146400388313000000
0x99f802dfbfc677a4a5818fb85318d4ada399223a,166166862808043000000
0x9a2aa0c1156ec9f010548a9b2bfc33f692392b09,235984869906088000000
0x9a57362b01abb089c8ac877e24c9d909cf89d579,289514434935114000000
0x9a7008866c1c1a22d3fabc381adadb5b15395eb3,951675386023275000000
0x9a9abec8cbf260afadd7ae8adbf8ca45045a95df,70337969187114200000
0x9ac00ccbf773160a0db86233ad2072f23a5c6bae,68060340862519500
0x9ac8d36f31424a2b4d42c13aeda9e36af856246b,25425576276808300000
0x9b05334456664256c4ad238bd0795133b486af3e,64498846290288400000
0x9b45af84571a9a6993fb91234514b2afb741d93f,8982661478393150000000
0x9bd54d8377510a1f5dd29f5c0ff79239ff15ee18,97683249513851700000
0x9c1f3730c1bba49d34c3b0fd944114dfb14470d9,2845496365459080000
0x9c1fd6d9d0b1b0b8b649efc1330b7ee866134b9e,115395450927221000000
0x9c5366709ca3889c4e4e27693301b456d5213a13,33798152096388400000
0x9c9b93452ed14eab21f250333a106f8149a67ea8,26427139437633600000
0x9c9d9bb8665a4a842aa0da8f7e077e547c4f5389,204354066449405000000
0x9ca98e0cca841ece50ea7c21cc633fdcc2901019,20747776493341300000
0x9cd2533ce30f27c33b10634a1c8304c701082156,96092665677352800000
0x9d0023bd55ab3647f6c591da6d46e5a6128d33d1,2828582763408910
0x9d5d72179b2b360479083e5d8170695704e09b5a,1173767897303860000000
0x9d60bd851a86c5b423353b6383c944be90837daa,7665419201919860000
0x9d8385f270e7f709e64fb6467b94373d9c4fbc52,75823192360412000000
0x9dd1aaa53230ee858a872e45cc15d83e93969f05,47069032638197900000
0x9e7545772da2acddf0c061dc4b4d80c2af400972,115985209096775000000
0x9e95b3275e96e859a260aa9de8e376a2dc785c0e,1803741960343530000000
0x9f37191dbfa8160815c0faaefec4c0553f31a7e3,54392315210027300000
0x9f5f47457eafb76535e043f540a37cc0598d320f,9848754483100860000
0x9f861b023b82079b78335976628f6ad01a0c1286,16062587276369000000
0x9ffa3fbaedf887bf279ba8b9c449fe62d673f6da,574278749154803000000
0xa010546844924d144152cda7f27939f21341ab5b,2583722494184330000
0xa0123637a7e253f40b775965dc30f91d305afde5,1568476924852850000000
0xa05f4f2d15f7e4518e62a21228b79427406af910,91057622370314300000
0xa07840094cbc319fd44f648555101b5f3d725240,67562638269077400000
0xa07a9c873e1a23c80cb7a39059ede0af44903de0,3469336243397450000
0xa094ec445f6c12bbd62c5be5d888c96ff8963cd0,39755505315044400000
0xa0a7724ce3323a4724edb5f6f8de67424e2b44d9,19534776294632800000
0xa0abc6c7994a0c5f708128079807b4fce847c5b2,14092671166917600000
0xa0eb4bea36f8c53489c171bf9a2190e0315db61b,8363977919023450000
0xa0ec15ddd23a7a771125b48eafc5c79c0862bf7c,8266979014100300000
0xa12084b57dd8f4a1abf0607d7941e8c2881f6abb,22162456353224000000
0xa130654fff77430d53847005a1ee213d3719a5a7,14678051096608400000
0xa14173a78902d92431336389dbf9ef0cf74e3321,25531348106703700000
0xa15485d6bab945a888263cc3cad27ebe49a7ef16,44822534565080800000
0xa157e860930b705e9a84a84b75ea8b078aeda9eb,99971742296684300000
0xa1799ea093ad5c26a8343b5a8f91fb039891704f,1149
0xa1f8b772911a1e318c9893a24a7d1dea46fdea0c,92753801613869500000
0xa1fd07becbd304cb859985eced72f9fa6ecd7738,610461812491288000
0xa22540654c5f966fbd3b0e8337bfe57d4582dd61,313924470698034000000
0xa22800d34b90a3bbb9399845d256029181f54519,82104173492305500000
0xa23f89dc9e0752a9efecd22f7aba96d117e91de2,2136183648292490000000
0xa271bfb891c469b30f45eefab36bde5af28d3643,16802637021658800000
0xa2a528458172c38c7114a24a36e441ed7bb9d8b7,10491993181385300000
0xa2cb34d5d167579132726d8922a7df5a044a73de,11819259258548400000
0xa2dbe7989148dab0e743c017aa7cb8e812e6057b,9254052527314820000
0xa30be8b4a7dce0c5746ad5494f154ab93147edae,568179386890600000000
0xa3269a4a9aca8b02cbc988f06bff52913a34eeaf,489049207526965000000
0xa34a497c2bac0fa523e751a86cf39a8a3b456d60,44535972500984900000
0xa353acb0e49962198dbfdd975a06eb58ba38bc97,12908694573774600000
0xa35ea7a8cbb584821ecd40d58f1cb7059037e4df,58971128380927600000
0xa3687e68eb2038556bca01c50cd982ad87b86f42,1006344807454330000000
0xa3690506bbd48eea3c8e76836afd7974af2c6282,11485213334889900000
0xa380d05ddd16f2a8fb67cac535fe0b2e400f0133,7002017559296470000000
0xa3f4b3fee73f42e6af03607b4c2fca85ca6f65ce,17379366442931900000
0xa40e5754544b8d5592ab30f3d1e172c27524435b,228783539881383000000
0xa415f6e11ac844b954471cc0ceaf0d488b450e1f,367540221504145000000
0xa461a0f0f62ade5dccf92c326a34600f78be2e72,5764205106054460000
0xa49266e60ae06f23da8f812e61de1c71c6aed4d2,8432222952818990000
0xa4c9d9a5568781867a61a78b96098036defbd65e,154093238440351000000
0xa4fd65694a9708c2d204bdf7acf8b9c09b105903,19058448118631800000
0xa558b477e4d27341c728689486b0820298c1c73b,42959515349042500000
0xa5595153a1815ae29edf481ac39e1148f3c26de1,17936598361901200000
0xa570ca3bbe2cd3bc3190df0e62235b31a18d5724,20966350097391800000
0xa573e3bae42c512e2989ed47737373db38bd4272,579896998020243000000
0xa5ff245ec19298eb972085b7271355288b39df7f,12613950161147800
0xa600549d84bb2267ad605fa63715188e9465ed31,17517310497043100000
0xa6032bc515d22e7d8f871ece36eda2a42ce3b22b,259741735938547000000
0xa60a061061c7a73384dcb4605dea5ddaaf40745f,381198343217748000000
0xa614eb30b13cb24533c12a3e29cb06eb4fc99789,383501611524119000000
0xa642c646be2cea493eccf6d633d0bfec5f2ae6fa,319242563682455000000
0xa64567790511bc894d939d9cc9c68e5302b444ab,4644159255086930000000
0xa64a50066319b9240fe51a49731c3881c34bcf07,40861296405764900000
0xa65501b53ad24c74c18eb29624c71050178d1ad5,10434708523155000000
0xa6e06712c969c6a6414b06901d839f8c59110368,1854294959612200000000
0xa74a734d5eb019770ea2abdb4c96d3a913c7dd71,17043802778456300000
0xa7ca40adab20c793700e4488a21d7720170e7a06,50517089944494400000
0xa838b95958aadf4a4a5641d383c1af3bfa03f3b9,753534078812106000000
0xa88d1cf7440c538a0fedd13d2f4e9e7ad0736ddd,712190626768235000000
0xa89fb7dcc6758e622a7889cb67ae8b97e4eb501c,2933104690407460000
0xa8b776dcce701d9e5f638a75d4fbb6ecceabff27,6544526278458140000
0xa8c0a12ea8d196c7c77898e8e61396e7ceb8b733,56681557673746700000
0xa8d34728ea272fa2b42b83677b3ad6303d8ac88e,60699001205144700000
0xa8d39273db147cfe8f6dbc78d1e9b35986a603a6,227040901177251000000
0xa8dfc997e73f055fb71268051e551c5d68c0e8f3,61889154043625900000
0xa8ed7249fd4d3e0f956e43c4a370544c88838b40,79427311538538600000
0xa8f74a2bae02216374a33f396b3c117ea0c7ef8c,182006457878427000000
0xa8f91857e91ddfe15b74bc6bd32e782ffb57ba94,14693924712559500000
0xa939ab24a70104c2abdf89d2b3caa0633e6b2178,1624302927858970000
0xa96469ce872e63593a091779e9472e67f37f0d2e,308472120071931000000
0xa97578dd7ad20ba12d42cb4100616f7d3797a72f,513959068133999000000
0xa987a709f4a93ec25738fec0f8d6189260459ed7,479626931834607000
0xa9ba9393e85106d708ada13cf12c5ebe3f6a7746,95714120678549100000
0xaa4c3e1991e3663ff90ca978a3f5034b1adebfd1,453054493433911000000
0xaa52b36fb3a94ae776322f71273875dfef409d2b,274274066738521000000
0xaa6a3899ff70eb5fa5a299e782c40d04bb19436a,292256456928962000000
0xaa74bb2847f69444ad3f00cfe86856dda3f2f2f0,84852134511449200000
0xaa861c33741a092f57d8b4a2145abd2dfee53540,316676084696191000000
0xaaa66e612582d5b43da71c16f33a3024207feb35,35791019505874800000
0xaad4a4a165ac449b59ea68d81b97f1eaf314d501,24400023216673900000
0xaafdd768fa83ef7af0e19707f2be9d1db1924766,22629877616860700000
0xab03ce49e033ec1a8107c99460aaeb61864b8022,841394563711968000
0xab268e90200c9e899fea24e34512ad3d64ecda6e,469863816985354000000
0xab6c2f14cd845bc9e5cf71497ab41569ef1d8029,13744864991486200000
0xab8a59bd6fe60a70ff5d7b102c1f7cc3b1e9af32,44175993077107900000
0xaba0fe9f63f5b1899beef22046e3c04c604cbfa9,72690541968397700000
0xac0d2c5cf6022aaee4cb41bad89f5463843ee7de,421950602449324000000
0xac228599c6acb688525d71b8e458dbdfcc7a2d64,61730587944646000000
0xac3205a6073212ce3f8bd00c3c7a77108645f2c3,10172147548020800000
0xac3d3d613c7a5d093a27864dfa243a4c6229c08d,210246927965661000000
0xac875d8d94167e273044bd2295434b971a126617,12927377349877500000
0xac890236a54d783cd5967059d28eb0991416bae1,67484246236513800000
0xacce16bb49ffe0450aa8ffd4fa7c24b0af2d83ca,565716552681781000
0xad32bc446cc906bfd5f74914f5bd9cbd1443bcd6,269117225437886000000
0xad4166c6204025ce9676c7b0c9b9fe7eb8e946c4,114167000160213000000
0xae30d834be2dc2f67d809dde43eeec346bba892a,551445374843634000000
0xae8c5c72b63f7b060058e222a159fcfd9c5cf5f7,3118455164328460000000
0xaf449eadc3ce63a5ac8d57bc65e8b3ceb6845218,375312357194654000000
0xaf574d0f1258377c5234bdc714df2255ce6bb81f,264538781804728000000
0xafb270ed1f14fcece56d8a52b8ffd3079aacc65d,178088558236303000000
0xaffefe6267ba9bc789d34095001cd2bf8c521f56,69736254442765300000
0xb005fcd8a7d5bbf3f0a1e598890e0ee7077fa10c,6996773187438500000
0xb06f2ac740cb514f22463b65075308754a0d5e62,8812029134395080000
0xb0a1c50097f5399b0e23bc7a11accd4681bb49d6,1494336746135100000000
0xb0ace2c3a12a2026caef06898d734e8950ac2680,1559012527643570000000
0xb112f257d9a22ebeb60ec12c9051ecc16539e04b,4900334491149430000
0xb147bfdccaf67a75e468ee7f99497b7d284c8ad6,2258083978730080000000
0xb155b8cb9c4d8b5c5c2ec461ab29ea95c4173de1,339646933392518000000
0xb1a0b8d25308977b61f71d2d83dce851a463efb6,172836820357590000000
0xb1fdf99cd9d73605eb43fc2a2bb5486c7958681f,108582610716092000000000
0xb20f357528dd8f9bed50ab66dc1b0064c78f7dde,1566402748090630000000
0xb235acbb9c7c74d9ee88c281f55119590ff0271c,1468287265307470000000
0xb25348aebcca69bd45a394730b6933a3ebbc4e45,1351888853142710000000
0xb25523151e1da082f4b1b243a95025090ed1d16f,880285451409171000000
0xb37af7f06ee0c9437ce03230de1acdd8bfa1617b,17808895265269500000
0xb3a6ca1c3783e06a8c5f987954bf650ea368cb1c,851568756466541000000
0xb3c0aa5dbfd9ad74f0cba66c0fd4e41dad2c3bc9,3785228440115730000
0xb404b08765933ee0e24c792677e89e8d240bd684,1590045649041280000000
0xb43aadad4f12eebc8953a9bf9ad8bb4e00c6428a,732725274591889000000
0xb44404c8293c7525b5d780f0239c6cf906d14ad3,6667668789594520000
0xb4c3da2873a9fdb77ddb66c11a0bf26931bccb14,30872124567889200000
0xb4f422fbe2a02673d978d7591e6409e955e95352,22327420332896000000
0xb4f9d73f8f9803d1048c83f4425af38db711ab90,5741001068827210000
0xb50ec195850ca4e3182103a60f053ae87eb2477b,51739818304811900000
0xb535f195d2ed5c13ae02be2d367761e18ec7b40b,544311061499228000000
0xb55445a26b4ad11928b997f8ea05d0ea2bbf7bd5,219351102621168000000
0xb5a9f7141d9d299736250dca170606b296fcf612,319883850161379000000
0xb5b619f32ba5608721e24b7ac7598360533668ad,4477789940549950000
0xb5bde5159899af90fef3bb1398a0cf4600b784ad,32477327647308800000
0xb62ae4225de2fec3d1b76005d6aa0816d0492af5,97101262506620600000
0xb63b8cd8804f288830772d7519c78874ec274d9d,5131805141928630000
0xb66a2491537bd8a1f2815c48b0e6aa9d5ce029bf,3362876895058980000
0xb6801ad6775702b007776313e943d4a0b5683f36,31147315466809800000
0xb6a9bf1e8083179488c76f17a7b4a7818e6497f4,83422630000245300000
0xb6ab374e2fb5638072377ee8de71028938938084,1226631359824780000000
0xb6d30e9b3180f90869079dcdf306538c4560e8d4,26158600105029800000
0xb731b032b8cf321dc013c3effac7b560608d575e,277
0xb75ec208487142edca537f0ff140d24764d9f54d,79931243459710900000
0xb7e025cd923b4ef9e17f564c669a5e0a6fd67bf9,314144224817713000000
0xb7e41b43d76a21948e3e9af4a3ca5d746ee06947,22591759693572700000
0xb820cd2ba48fa97ed81913406307cb5acefdf23a,214867827895956000000
0xb8793c8757a81a5f2cff3e9be679e1f4c4971be1,58100618924074800000
0xb87af54ad042b489436e8519c84ff3c75801ee7c,2639072509109600000
0xb89e15f8079b6d7344c453380d1fba17edbb5886,896237934622323000000
0xb8e20fbfb20087105d103fbd72fb4c95405ade9a,6769855060307370000
0xb92db0064343703935710dec5b75a33d9696021a,1245241637451330000000
0xb95a8fc4624c66d86a8def945eddf6fa1083852c,239714607166852000000
0xb97242f1fd1d557085aa7fcb86e015072430884b,35964846092889500000
0xb978c089af0abebe976447d7ca49b8ef99bc3390,5352582710023280000
0xb9af8f3fbb6660fadcf2db421fc2a08e14eb88c6,58622214524160200000
0xba04c6c51edc41919c3cc714b04a2bd2658ea9ce,22717197529305200000
0xba5116b0f91a474b707876e5d60dee672abcdbd9,16813605943291200000000
0xba51491198a9cc5e5caecc4baa64dc5adc6171af,10974842189298500000000
0xba85de8be0addb1c790b4dec3edb59b9030c511e,6755696743974450000
0xbaf3a109bdcdf15872c431e4e3917b46ed9a9b63,23451049046516800000
0xbb235621389e9a10f45c6d756c1d902921edce0a,144575012523408000000
0xbb5847d8fa65708145adafb7e94192fdccfe8473,305414272175289000000
0xbba9fe2f664ac631f4eedba1d6d7094fe7759351,10743991492484100000
0xbbacceaf5525c9e709ebc52b6d522ee02930bb4c,8580305915087320000
0xbbafc7883142db0823bb58e05587e7a47e531e0b,199112897679837000000
0xbbf2cdcb8382504b0057c97f07d2e585cc5e3d3b,16398135209492200000
0xbbf80d1e1865817c77be60cd1c66ef0b54edb4e2,374233849090713000000
0xbc03ef097deb76c88149720a2a477f67427bc6d2,15347058524483800000
0xbc09cac87e3ecb879b0355c87ea7d8f822b2599d,762529650486098000000
0xbc159b71c296c21a1895a8ddf0aa45969c5f17c2,141099910678556000000
0xbc49ce0f37a20d353231eae5f7fab02e0f85f687,6837794651714770000
0xbc6a1fd0074b4a473b78bb7a2b21ded18a07b668,1115777350227860000000
0xbcf2a6d57e9f3bbc6b7b3b6c1d3adae1863cc98e,5196453042601430000
0xbd312e40d629c631095764c13badeffbe7a01235,755569966011185000000
0xbd359dbe7c250d50ed7bd9615af22f9197420217,85639685125304900000
0xbd37d012306694f6468a05babc57055fb57b9985,320922411865075000
0xbd5e8624da3f35800fd0cc47acc51bcb044359cc,107905116879920000000
0xbd927ecbceb7918589d9421bded79f9e557c5316,1284794010652170000000
0xbd9b022838970ddb3d126b2bd7fcf3b21a7321f7,27659210326209200000
0xbe730eb019118e5aa86135af5fd62332dbda3257,1806573592082580000000
0xbeb419b31c7d9798f14f8e2617481a18acc38809,203429512186382000000
0xbf18cabd15bc484aa8e53750c05de6e2a9d99921,86062671102013300000
0xbf343e8a4cddbe6a305739c426eb485ba79e1f5c,94003587424284400000
0xbf51fe453dc8f5df9afc765fd50b3301562d2594,69486347544358000000
0xbf7271798ae210ebdd6d26a7d2e944592e7c7e1b,6134066867083570000
0xbfcb8d211809c665b190bd14ce7356bcc1ca9cf5,92420218263933000000
0xbfe95ece5c8a28b1d84f77435025df92ed51e4f6,17290976766946100000
0xbff031af9ec13276f9e2d2b7c3126db92d2fe029,14907395644992900000
0xc00ce88c89f17e3ae2d5a2272d9c763644ab58aa,68177788999513700000
0xc092d7fee1a09257b69604eb698f672a656dcdbc,86349453860718300000
0xc099558baf256a7a5328c3f2f149cf9c47cf5fc0,51849354554080300000
0xc0bfddea4dd2f14a57e8512dfa0546e001a9ec0a,10831286198231600000
0xc0c57c1d7290c98461de2c2c956a330da583e2ab,115316842961697000000
0xc0cabfb85ace357eb404e7735b969764a2c867ef,79103566427076700000
0xc0cb43a119c1c6a9ea50399161ff1b620c6bc1ed,113997287259760000000
0xc0f468b857605fdf3782fa62241d78e98b8ba3a4,4576799807561200000
0xc11488dc1148954ee133b5caeade01bb4534f32f,6281057613309490000
0xc15b2336797a5a7f3110453598462fbaf4205ab6,260243620318623000000
0xc15b3b5eff097b3ccd922a2d614b3995ceb20600,5165442183030330000
0xc1612baffd9ae385b5eaeb7f3e1f1b051c3c4816,245222819559205000000
0xc17dbaebd323f826b44521b74a5c5d2f95f5145e,18150994376189700000
0xc18a0bcd3c597b5f6be70d1ac1d30d42c390b4d8,4281746628263850000
0xc1926e9300aec5054657479d993491cb6751c187,8253532095990170000000
0xc1df291687cd6f25840d68bfe388422b11e367a8,12856053487054200000
0xc1eb284fd14d4e440a992abd582f169dd73baaa2,169682625349608000000
0xc1f3ebe56fe3a32adac585e7379882cf0e5a6d87,1366938673651870000000
0xc27f793ddedb2f79f74a86f68622c4bc168cbd1d,172866558154324000000
0xc2cb5e807abb247c53e580c1d9a5aef34521077b,8354619138386480000
0xc30248d966884a2ae1b682af0dc9903ffe91720f,59514222157502000000
0xc3314d29a91de707d426fbcd57acd376d65bb85b,135032324534673000000
0xc376c66b08f6a9cb6f2d66931bb9e0a0d4914299,11505691646940100000
0xc39bbe0ebb1465bd4c023e04cea5d2062ebd10eb,9417445074839450000
0xc3ba46c4f80f8a7073c5cc9b9eee2a77d55c2bb1,96024490740813700000
0xc3e4a53c67ea6dcb2c4b1cfbd33942effa00462d,1559542929014640000
0xc43e00d6d4c3967b0212f757ca9bd8c7403a4646,59244272528949900000
0xc4c52e9d6ea37504fac56e59c0d42618a5dcc957,106295284748704000000
0xc4e8dee9b5bea97c8d9c84132fbb800ff5218688,515440048175419000000
0xc52e1488e6d13f398c530e0a52a24ac0f5f3d47b,30887903025752800000
0xc538b30eb494afc1a03b428ab103c127ebfb6fa0,5289835428266030000
0xc5a335993bad05bd124a75bd0f280c022ca5b06f,8
0xc62940d164a26343357e992cafe96f7fc4411c78,885668274045098700000
0xc629a0f74b23efd0d69815667ff140180ab7c2a3,1335322523580130000000
0xc62a0227de3ea7e8591bf46146a0b48e8fb62fab,157052088806398000000
0xc673f03206180fa7e2963a4d22fae7bf3c9a2d4c,10641593221638800000
0xc695a251bc2e6f5b78ad2edcb9818e3630488dd2,2816701005868200000000
0xc6aaa6ee64339008d4c3ff8820f886116b869f9f,63970045909142400000
0xc6b0f7e747c23f65e1f99617b379fe69b56cee32,487679098663823000000
0xc6dcde69873a2367724a265f3ba9ab7030922eb3,32
0xc6ec292485f8392e0890b1d5e4ac571816a12d5d,342876477331447000000
0xc7255a5bdb06c79e7e677af02fbf0ff0a1cf592a,162989342682986000000
0xc73fcb188d6db8683ddee2bdb451425d7b66f8e1,1442832351040900000000
0xc74796b6970a97e3eb2a9fb003988e69ef4c5264,41027567893134700000
0xc74df4d69de0b5287e539a6f08204afea225e54b,56081560131701700000
0xc752f1f65071618a10a4abed1635c8f22c942d5f,1877044435981950000000
0xc764cdf1762fdad90c8c980bb3eb84fa6ee23314,49452366591168800000
0xc7f78348738fe1e745079319aa98974afbcf154b,824541302351329000000
0xc822993279a7618dc8399c22c23037da6c8f3023,7258067935063570000
0xc8476465c2a16d0dbea301995677937cd16bccb7,20428649351940800000
0xc87e4a998e8510e39fb1ef4179599aadef93159b,997944315785556000000
0xc8b50856aba65c248edffe7673e3e12d523a9a43,19208397014176000000
0xc8ba8e11e8872670e723e73de26e412f28bc58c0,11370703976753200000
0xc953218c2117fdb8f6b793fa6d1f7bb6a4654052,1407488964629010000000
0xc9709c232839b1d1ccf37239cc4739a456f40796,20414848038792000000
0xc981a9b3b34114b3d847624be05fbf2457653e56,163790996119763000000
0xc9fc01897ee46c8be83ee19e57cbaf18740c21e9,13163618477099200000
0xca332db422b265d804bebcb61d037f0f2dab5f80,957274165513847000000
0xca49011b07339dd8200aa12075ab14d318cc3a6b,105278898394272000000
0xca4e16b9541860b1d639634aef38aa380b05e0c3,212126122418273000
0xca4f70e0f3c22f70efd9de62f96df357cccc4ef6,43415939255122800000
0xcab32497704a40e4c1726324441ccfc3d6bac5c3,32975563954723300000
0xcab56c67f6af4a95f39bdb0db4085b8b486480ea,1212319048865258800000
0xcac29c4a493d1198b0287cb207ef3b224bc68f30,910326659169978000000
0xcaefcdf660b66580663be99a7022e9acf29d3ecf,47201850501771100000
0xcaf1e33c683b20d6592fc61b3fc9a3d90c7edb88,29801693478160600000
0xcb9d245875ab7377fea51e6700715c9de249dfe4,135413956115301000000
0xcc54a1aa71a24c4280d064fa1848d2279a0de898,1665041421271510000000
0xccc3dc6f941a05ea38d64d44385ca5a128158588,33580757244585500000
0xccd3369f28b45c0d5cbdd3aeadadca773c228c55,253442003168002000000
0xcd04077128bc3a788c0097832a04cea9cfab79eb,379346217251477000
0xcd7d0ef3ca32c2eb50f558981bb878124ef33995,119718309985754000000
0xcd8c4badb8e2c61f7893899aa43e31c5e216b149,48106445380018600000
0xcda81c45a5aed375019754395e5f6ac0b5d5ec37,21694677371224400000
0xcdbd0275da339a71774561472fcf2a9fe05755a1,1668152862311260000000
0xcdc6973061df92cca54256489cf8f3ec2a362621,188429408713260000000
0xcdddaef646183a540b7a7a1513f98f3d023cc9eb,1098146525724570000
0xcddf8468a75183c926215e5af509386d39fd1803,19428939996329700000
0xcde9d697723361f525e5c8a2ffdf7f1cce59564c,89251993751068100000
0xce1aac18ee472da6d90b68b6685df910046cb8ad,1361907727203810000
0xce5db5cb0b58f08261d1736c150d9e51248daa4c,429934764752511000000
0xce8515c7b4b741e0e9335084bccf779111eb9f46,97406838124732500000
0xcecea7c32e899846414c88df7abfc99fe3678a83,12040588790186600000
0xcecf0325375f1ce0085bbfa8415403663c99bab7,32606858937997500000
0xced29ba48490c51e4348e654c313ac97762beccc,1148210521493250000000
0xcee19cc05dfaf31198975954d28ed3ab0a85ddc8,42046500537159400000
0xcf1904376f0f28f1a39bdef4f3fe185ef1c6aaa2,87271139976153500000
0xcf4f5928858760933653d8f508a3b425777b21f2,20696162948369700000
0xcf98ba7236a7b1ad4e35093462b1c7929283a6d2,86372510054440400000
0xcfbd17d182cc8f230bedb916fd876ed7885dc573,2679777150867760000
0xcfcdcde4d1c654ed980b4b3f6ff782194b3aa666,37467968220534000000
0xd00c4d233dae9406463a40752b9ddf3926418681,642929217304565000000
0xd04a70d883ad1a4d4a27d1cf119ce0973a59e740,75620280058259200000
0xd056db7d723d6069a5da9975d35956661ec57422,8965122367053120000
0xd06eaa6ddc320f4417bb880cf478fe40473cbbed,20610223301553700000
0xd07471ded9218e0f9982d73b8f74eba03e92ff6e,12652425337162300000
0xd09c27d88a07a4cab837afa4d9a9072470732330,17896984463506900000
0xd108c8d5fd6b19485ff2df3d65cd12a95d9eeac1,133053689160899000
0xd14243377941dd2409827ca7490acfcdb33b76e5,4190434670596190000000
0xd146651e4493fcd7846a11655ba0c5c7288e76c1,70801012007056100000
0xd166983c2102907ebabc5d31fdaa211c926a9276,110776316678451000000
0xd17668b3635b8e03f4fc6b6755a94b1ad84452b9,1938955445957660000
0xd18d862c51690e42afbcb7320b3543edafb7e6f1,156043755080534000000
0xd1ce24fe6b32a1fde95fb208f26d04ff6fb18092,22065453635716400000
0xd1e83d682c37a383a139723d4584483fab80147a,18025370861774000000
0xd21c9836211ed19e97a5b7be564e8f81ec77e740,685984029499163000000
0xd249926a34a10e418c9952586123304efcd0a410,354864518194165000000
0xd298acc20377a1a120fa8c233f70a427a7db8e2a,70486085241923000
0xd2c48090a6fb140ac4268282dfccbebc556d9d33,16659113528547700000
0xd2e832e99eb725570b25eb1b77baf7235caf4e88,214451478278836000000
0xd2ed7285f60c58d16fbdbb97438a3a7b63abb343,36569745592294000000
0xd339bbdfb1e512719a9c8c2762004c5149347e44,4581131425868960000
0xd345aeb858f761683bfb04b388ba72c7ec41b608,215811967451569000000
0xd35e4451da6472ca47197df6298d15ae2d49f496,20936325317000200000
0xd3741269afd9fdca819fb2e80cbe5313e31d4a6a,377967881896292000000
0xd397b9eba152cd70999111e656ba26e47a2d04d2,65350114006108100000
0xd39ffd3066236e8cfc0f12b48a9995634a9cd802,131490874407117000000
0xd3a27f204d13121ba8ec3f45db166059c4429db0,35904129970681600000
0xd3b42db1b2d46412266c6ec111b42505c6f36804,12162905882658300000
0xd3bdbe640731a6f7579bcd5f981768d598b36ebb,113074945235438000000
0xd3c045c4e0428a0593ad3cf10576a16d21ef7c0f,955246766383995000000
0xd3ea93b78fb9218b43da2113c0b84fe07b34bd9f,1845580370510830000000
0xd3efdb826f7703822a39be758c7d288ab738365a,1299265077933090000000
0xd3f430779fe44c8c363b0986a913f96666ab4d90,11967717295196300000
0xd41880d97399b81eb30eb462352c68eca00ac69a,14816347585378700000
0xd41fb1ca8c6be3e20919330c438285104df659d4,15971633025808100000
0xd43a9e98e2546a4fdae565abcb6bb9c3d5a80591,128675407970057000000
0xd484995e73fd2b5c5a9f5c8bc39e75639b1d2d9d,14180232031206500000
0xd4a1fa8469217e0f4162582686688620b11e6d73,217023673064214000000
0xd4bbca3ed18f82d99f372f29137565de16447c74,1882905812378570000
0xd4cd373999c3a1cc7aba8af80fa3cdbab8e59337,345493020025960000000
0xd4fd74321ffd1889c54657f5103a655fb5c280ca,99114510402715300000
0xd5614a5e78b0e5e6a643e4bd00a3d142223257e2,125285668892047000000
0xd568f88cf36524436727a100728501e2b606ace1,72386246151220000000
0xd56cccbf630af93ed43a43149d23d415ab9729e2,5126155195572460000
0xd56e7cd98d0d6c359adaaafaf05b0dff4fb18a7c,20445514113288300000
0xd5e22db2288218bdf289a395ca48161e38a4c10a,14786028400842900000
0xd6009b6a5f9dbeea3cdac73af649c662a5d9bde3,971216670504789000000
0xd6481cc7abe5491ff6f7611be43b192de9d7b819,14121872543621900000
0xd65f03da860ddf3cc46d12ee9498949e20958cb2,46637590552166500000
0xd6da9024b0c645d513c6992f25bc0d9cd09a5fde,23514968985686600000
0xd6fd1e0f19b4c7f21b274ea5b9c2f1e0a71e49f8,4273453418231290000
0xd71f58b1e4ee88efa4f6310ef027b1dbfe7bc5ec,13181873779708000000
0xd72b09be800ccadc82cd94e3420abd780db0823e,84179632005709000000
0xd72f9b0450aeee25cd5f5382b10057054f998280,41607629737843400000
0xd78f6be297445bef3291dc6e7e5a1ebb9c7d4aeb,77048983700897300000
0xd7a6ed8ccd19e1977f01ecd517787812ab16d6bd,33502297385540800000
0xd7c01cb09870c3e810a56f0f75bd7a0d995a8d8c,24252324113909400000
0xd7e062d512db46b514239b443af6bfd80f475a3a,664250804074750000000
0xd81dfba46f294ce8b36c2b63990b83e1c7e1221b,14216616278294900000
0xd84d5586ed39a98b3c574105ab103472cbce7685,17450443987278200000
0xd85e2711ea7a20e533c65b26d7af156ebb6e2656,16650749120184200000
0xd86076a23c589b5288a65f570bcfd925c972f266,3718652507250020000000
0xd87b1ead642b8f6c6d94153b65f5da633798f28e,25328372681048900000
0xd88d8fe5c1b29eb4d21760309e22b132c9e4f61b,2225849438686100000000
0xd89286a0cab5a740e664c7a4656bff3aa08a9c4a,142447830149319000000
0xd89848c95896be0784aa82afe332ef7ac3ed8942,212940508385216000000
0xd8a1e29be6e8e29559c6fdf392574fadb576eeb4,29814791289985800000
0xd8ce6e865c4625a838854e6f7febc15ec9183457,1329286532708920000000
0xd8f33247aa975823f43bf431b87eeca801b19cdc,108846922663287000000
0xd92b951d6beebf5f57c09d4dce0f9fba120733a1,29526810640725900000
0xd962a9eb2f23028066e59f086b46d9d197484019,16146964406075600000
0xd99875f2434eee9022b097e0e0660552359da30b,917899156705833000000
0xd9bb2dbf16262a5e3fad7811602251e1a93f873c,21049279251138000000
0xd9c9b37ecf356415ce84c0fd94ca18fccbb9792d,239493201502582000000
0xd9cf190a60e89d71f563e82d8006a8a32b00bbc2,4006950197843700000
0xd9f71f148275e8058a7465bab1247e804e2367b1,18915149288610600000
0xd9fe94c8a0a9159d52683074a63acbf5fff1e379,271669309906815000000
0xda10b8063323388d43b03a57aadd6bbf640aae18,9234733979433770000
0xda43e8d0fc4ea3e1c278c7f81b26cb26287b1d6b,836387843640558000000
0xda455d3fc97071069839946048aaaa6e24824e71,911614734310445000000
0xda9b355dce6c399a160eb76e3f472320fb77c1d2,963219286681101000000
0xdab23c7a56182f4bbf8a88731c6c60cc9203bc29,89052494530919600000
0xdb2c73ec9c42dd49077cc8efe60d9937ee7959aa,21806096985390700000
0xdb2ec26a752cb54d07b2475cdaebb476dc9c7902,12531980833310500000
0xdb3f49e793743539e192f1f5cf271590941d79f0,41121879308500600000
0xdb7541e23b4af3478dc19b3c0db03a65e3d56519,11456671482011200000
0xdb81b5f2ea7063fcf3bb51da886dd9a6e7dfd500,1748788450503820000000
0xdb93e8ae0b23d649c12e0882092dfbca1c36f138,27487832074054300000
0xdb9aa234f833cd6a94723e469bb65aa09d500c62,829864019946954000000
0xdb9eeb01f9599b9ac830e2353a0d6b53b05a2b10,1501014947858720000000
0xdbe1b1bf13c990963d4b26f9966930b835ced3cb,2432278597802350000000
0xdc180994440fec2b35c06bb248120d3b5a24669c,6230260733536920000
0xdc3f5923a14ca14d2c6a672304b5fa85c79be016,25939807877543700000
0xdcd7a63380494cfaeca9361db9fd1edf3d29681c,325963937378685000000
0xdd07819cdeb2613fce39f654b6831dc9ccdf1bd8,954535210070955000000
0xdd13eb27af410ea094c2ac357f1b79b62f738062,6202365301203070000
0xdd1e134beee63513d29b81d147fc3f60b64eeaae,90820441160264400000
0xdd280c0dd2a4ff419352c22c65fe37f6c9d78273,5445404060476120000
0xdd2d28232ec48c2f08447be78f0a2b6a74cdba9d,191006823003415000000
0xdd3b4d307c0f689a91398a57e1ad0c54d5d8afb5,10586047061401400000
0xdd711b4690cfad50891caddd34d56f64cec9d85b,481199099479787000000
0xdd96b1f7e4d834f77a90f0db72c5751e3c4cadb0,293547062776710000000
0xdd9ff748abaf22bffb3e99866ba193d9891baaac,95361727144685600000
0xddafe5cf7fe5ede874a466f80b0ee7ebec779eb5,5362800775153050000
0xddd6df63f28077e67f22f9531addc279f041032f,153604185526403000000
0xde330446ffcc329cc6250d7a134956f0531d9bcb,14934021412281300000
0xde699bedf464a7ae064fd2be99f9f2c1d1a17c89,38409790060627100000
0xde73d77e8f6b842b00375bc49ca7a1f668fe2ca0,2600729203864320000
0xde74608ffaa3e6525ca8d84438aeb43c3c09ce98,8448866459784070
0xde756429f030155a8ca4a628f212d8e19ac798e8,40590685405404000000
0xde9999afcc44ab2cf0ed7c35e2808ee954a64d9d,3516616408562430000
0xde9be7cd710fd090001feb3b601ccec9d21ba003,39532010820380100000
0xdeb1f4b7cc04f591b2aefb90108b95a98b631a72,529138670500252000000
0xdebf4171142d42649c181bf71c9ab4085271119a,442869327667105000000
0xdf6a16dec611d4c7f7c42a0b9682169676e3e895,14163279716320900000
0xdfbe47a9f0da79dc3f9d80832449bfe684ffe491,6511940717800500000
0xdfca1a6e1f9974841d71a49a70078992d9d7d122,80754750383385100000
0xdff022770fa7f7b422507b62c9b68ce1a47a24f0,2823257157223140000
0xe065a0540e3e22816be982145e438a92b0d2b591,101240940805198000000
0xe08b1d81bfd76705f231038bc50d51471fea9d46,52754879049943400000
0xe0cd8f81bb040c3c022be4c85d5058500c7cc60b,241189799195512000000
0xe0f5403f4b3480e6199705ef383f3ee934fe8ff4,54278209784333100000
0xe10b1f4c55f58cb8b0338a5b916a10d2313d8959,974227790940134000000
0xe10bd769f9272d3a4378adc6b75c290905f4ace9,79721611125466000000
0xe17eb2f086d62b88dec53a15322e44c783027854,207168237841620000000
0xe1b75471d8cd3055f8bfe319766923028226ea50,168
0xe1eda3cdcd125d3ba8c353c62b97d5caf8132ba7,55501380709050500000
0xe264b2c54c831de358bf419f3c5958786d94049b,4455200679650810000
0xe28e83e14f58015a87da6e243794063c2123e78b,2926535911331310000000
0xe2b8a20ecdc5e17b1596f2e5fc44caca961a9fc9,54631271798176900000
0xe2d538acca0698d91a93445e51d6a425c9d49c61,90451704721380500000
0xe3bb78533122111ffbb370375b17238885f4f556,51418476903196800000
0xe3e313d0020ef7cb57bb27be5c390ce1c22637e4,22753907579980500000
0xe3ea7f3b42a51564b9337f9ec947fa354314b277,169124445591696000000
0xe3f5622739cbde5c3534627dd0be861a51614452,449262424791551000000000
0xe40c191325460c441ac3a3a96b41d3ca7063bd0f,32872714847212300000
0xe43623c593e4410c2c095ed0dd6a17fcea772e5f,78789322085943100000
0xe43b4b81128be975f39c4d1960c2d2a3205273cb,13747054997954558900000
0xe46c257b6bde75c99caba9a64ab767495b5769e8,179420481544432000000
0xe481e042fe482477ca1d0228f03ae8b8af440dac,636471471599316000000
0xe54595ef4a00a544e149a1b9076dc37de37ee578,3062921288185940000000
0xe57aed6b58074815bea2498133ea2e778201b8c4,60546960773509600000
0xe59879ad32f07053b76a95cd4fbff636520c4c45,1153005464274900000000
0xe5bb482739f887455dcba8e0fba272b0945aa946,2739526353598760000
0xe5e2fe2a35520a8590e739850bb640e24659e0c0,1983138000361660000000
0xe5f09b2fb16414519d90a650f87d0b3813996698,233175643189064000000
0xe60155ae1395cdce580fd8abc15f9469f12e49fa,45948810170215800000
0xe61d5e537dad93c375fb69b7a2dd6908d0336f8e,14502598404358600000
0xe636d53337cb069627a13a06372390981442b6ab,610249753789100000000
0xe70d5485c7b01c070dfff37fef509ab5518c3d4f,49439897533633800000
0xe7679a598b476af9bbf61fa22d9e4edbf74a6c1f,22002046410203000000
0xe7967e618010c7561f5acd59ab9790455370e65e,24942400115785700000
0xe7af7079845a988e32896e7a99f7426524b48a17,344398142717918000
0xe7b968d86dac4820fc964a6d5d400db2b0af8d20,1604068601530610000000
0xe8131168ea95ecb00fd0233ef47a1890238ed26e,45868909676901200000
0xe816c2932724655782a81009cab64bc45446afb0,516000426563993000000
0xe85a2b9b6e5458b65ceda669d58e2c3d970e07e4,82501295338954900000
0xe85ef47ff9d5bf9c36ee0bf71c5607cb67a92b03,1873705929799480000000
0xe887eaa07fd2f3d30bca17db03bd24e40d5e24f5,18460358728158100000
0xe9496e089a3684f91cec2f985f386879b8cad4b8,264826139463867000000
0xe965e6bedb6b66a9bcc740de74ad0f7c0590eefa,152562309628057000000
0xe9ac5d58096c8408cb81a88667bc628f3270fe77,133016183423161000000
0xe9afacf0e574ec964392245a2190e8fe92c6abbe,116025635199580000000
0xea25bdbd84ca045b631712e0404916b3f770f159,1061956651796480000000
0xea46eec6ca891223fa581be42d52f9f8477da2cf,87067217007682700000
0xea4bfb817f45e8dfb7efaec407ea5728443097de,1581551612817980000000
0xea51ca095a9b296d6e60d2533341568b8aaae05e,43735989789686000000
0xea52c9715b9d6b39b2a8b5e0797230a87e6b00f7,138583610885057000000
0xea6fbfa2592727174645552169c3c00f4fcfae33,821394597454504000000
0xea9feb124d29641d0275dc93f93de2dc24e0e299,7624983307932600000
0xeae0ddad0ad7d62119d4cb4b8f8973a4d77d9407,1940355001198340000000
0xeb312cccd95808e3e3a036bb391d82686e568542,1076365197179910000000
0xeb33c58606b1e2fc9a63c9cafeb90063324e5e9f,19884765367535900000
0xeb3e0078d2a7e2f84630a78d97e7cf38978b17c3,29330755857503200000
0xeb473b5e6d607aff39238304b4dba169783c9101,1203589643893120000000
0xebc03adc6cac818a792b91740c300979214f372b,46203625420023200000
0xebc54a9bc67fa676e0240d5327676eb9f30920da,16866270406099400000
0xebc7353bd5ac9698ac369a8daaf871449711d30a,474390537848063000000
0xebf2689470669fa464ccc160fd73d7d8d3ce80a7,100825354734418000000
0xebfaa8a9caabebc93a1eef9006b0ff440d450d75,772311730713414000000
0xec00fbfde8a394e14614b4d9ccbbfa4df6aa3ca7,339066717594236000000
0xec017a02e8049d8a894fede181ade59e93853858,440698710221919000000
0xec2135466f6057c3dc43676169bd85fef3e27cbb,46358992513966300000
0xec3455fda448ed47c1f3ff5c89006645a39ff964,8140691032395130000
0xec8b3a6ce035616090d20224c44030f6480d7da9,7736534095494990000
0xec8df57cdf4e12b2f0f5f8c22cb659fa47199c46,1484421721810330000000
0xecd8b0a7b204a9d4219a5b52020f23b8705faaed,5064808141412500000
0xed0408ebf8cee881511f62e6caeef31fec62ba06,213108020716226000000
0xed08662a23b846932274cba85981e26edd2f6e7b,457992505541490000000
0xed09c53f4c6ee0addf39cd40ff8f236810bac7dd,308068781272159000000
0xed1500366eca6b0311313bc1e566ccdddc4c7931,470977015918861000000
0xed36e9d644c5175074b54660f4807151dcd12eb6,2587168126314530000
0xed5880df11107fa0c8b7b853555bde80cd75c72e,34362988136591800000
0xed5d4aa57e28689050eb7de9975d79e0b254f4a0,10470687240075600000
0xed878594b9e18d8c184acb3acb1812766c4e922c,6421931312748064200000
0xede3474cec918076643b4d017df022b88bd7f8af,1858221016657950000000
0xee4c633368f1fdbc0be5845c32dd592c40368bb0,151608349118425000000
0xee6b88b799884c7a013a7a6bb6451a98cfe82bfc,126139501611478000
0xee77209035be935ea36876be3c8d2897f84e4d64,67889618444392500000
0xee7b266a4f92999531072738a663aaece72fa485,43572079310970200000
0xeea8f73d103b0456b75af45b9f95ddd6f4550e40,273367234446912000000
0xeeb3c9dc34dd586de3bf78781760336b7fb1fc21,142759016490437000000
0xeed56ad0599642fabd7ad842a6d26afd84e7b139,10318443375026600000
0xef8ca81cd76f58177b1b5d5d1f7577078b347e5e,115305329366139000000
0xefb1984a170f0e10f36ee4515b334078f9c0776b,71310864911022400000
0xf03538e0b9b1218e9ed175d88abd98d58e2e84b4,10485395965343000000
0xf0781d6f16a09ec21e487f74798a0ccf503f5ed7,47806458841740100000
0xf09e5d53081f1c0ba61de79bf810beff480dea4f,257
0xf0c731691432e18da2548171b8edfd323d619afe,1699328541580710000000
0xf0ea58b65c82c48ce69f0abd68d178e7764c4ba2,431866275028727000000
0xf18ca3753c5bba51b97fd410542ca739b4de5e71,214781729737076000000
0xf1a9f325b80c9c27bb8abf2929d00f1742bf07bc,16074216244420600000
0xf21a878c55e814ad558fe7916a1aeb28074c7e6b,48242009438357900000
0xf21fd222ef6c0ba8e22eb59200faca1e4bf3eccd,76195988058017100000
0xf24f4a64a8dce5ea20681bfe6b55ccb93e56a849,2049297742661190000
0xf2a245fcc2a27b11d60f801d57a71e8dd427153f,53781673497643000000
0xf2aa7991de3c181c7423e92d427b02d0a28b5550,422575907604345000000
0xf38d868aa43d4f662c0c1b18950a999828a562ef,388823724071149000000
0xf3c43f10ba8c8bf16f1a2e538f33e6b0d22bb340,61069692693351600000
0xf3c7fcc00b59516b51a25253c593b5e4b4edee4e,29043246910968400000
0xf3f816fa79ca43151b5ac30a3a77efefb17d0562,72696955828457600000
0xf407eac6db867d4d8126f4c4a73f04aa2d052f57,1178062577382370000
0xf45588fa8778a23e78543bfcbea279f2336424c0,49329144601022600000
0xf466c7276606dffcac980ca8d42d1bad525be338,9379605739662980000
0xf4a15068c7cdaaf50c37b6d86b902a059de0013d,6073435402125310000
0xf4a50ca186dabe0c3a17de7f88a415488aaf011e,562658625369988000000
0xf4b9e164a61bf9fabdae21ae1ad27dd035d6db3d,72699218543522100000
0xf4db114ad6f5cbb1679567a56d01bc6acb56e44e,193344786592277000000
0xf52d35999250cf1ee190e866ab80d993c48274d4,6191852577130630000
0xf5366a3445adf491311a6e86443bfb5392f08265,13891291635248918000000
0xf54762eb88dee490ae2d41b9b069da86e9a5f676,5430242478901540000
0xf5d7fea242b86dedd2f7f245ff5682c328c3c0b5,73966978103256800000
0xf5dfc20577794e86ab8a92e399895d22a31b2450,428227102463574000000
0xf61f7fcb63785ac05fd0994dd4c55dd3beabfc23,417759265864237000000
0xf624c52ff68e8a2be33d1c4b1dc6127e725e2ef8,1918064701194600000000
0xf63a521ad77803a3b5f92eddb4613d719d32448a,444649393019982000000
0xf658f0c23333a8cdc79789b1d26956fd78111243,212843659219023000000
0xf667a8950346f9a41334b63fe207415207e458c7,6703139748782240000
0xf6b6b5466f88266f4937e1306f8de051c2d5113d,2738349438064850000000
0xf738c8ef6f70c759613a1d21c8535c0acba15bc2,432654682082825000000
0xf76c8bacc09a793d3efa6593f855761ab77e5cd2,74026048353968800000
0xf791eafb434e4fe70b278c6949f69c038768427e,3432195310143390000
0xf843af4fd99eb92dacb2bb035863dbc36636698f,3704747028753160000
0xf8521ce31a22eb22488b7a15a595f912a1ef4e0a,25506367066787900000
0xf864653e57469e02ed6d3180ceea3dc8e19feb20,56613136454245100000
0xf87c50a3db0f09b94142936e0716b839b5a65c1d,4059173742454660000
0xf881d0e8f2da19240575b2e46e6850e7d789059b,42711574600709400000
0xf8bd996e7ea84ca7ae88bd072be2cd5894bcb348,9142254710422310000
0xf902bde9dd9812e9cc436d7a1736bfa0a606eda5,646515348234969000000
0xf96f5e7ab5d25155ae1b5c860e799c9976961d6c,464919031468479000000
0xf97157aaef6f3755628b30d05faa5cf3d62981fc,955908440741788000000
0xf9752accaada78f10e47cd3db2b63d94e14b5ffe,699643828001961000000
0xf9ce93e6de0d6ce5bd5cc7af7b086d749e8f4590,231443731171276000000
0xf9fc6ed4ef77f0eb879fbbdfbe7a4fa57f9d6adf,1963648023268140000000
0xfa398c3d2d21dfc5c2399448ca99d33b2fb7f71e,93958550680188000000
0xfad0324b69dfef98decb35104413b224369ac299,1811298764271770000
0xfb1e828b6054539517f16c3aecd6df2abf024851,175185886743829000000
0xfb4848595072930ce4a6f03c2558838bfc361171,83910106357342800000
0xfb616827b4c9900af186abe09ca325772bd006e2,17474449529370400000
0xfbc0db128e47f2685d52d31ce8d5d9fef761e063,4154705552487440000
0xfbec2c5cbb8bf4179e605520c6be48d75ed5df81,25722005604735800000
0xfc0c2b5ad9bb2409290a4809a7c0d9f297f44ef9,1163262692407600000000
0xfc27f64b651713cfa34c596be2f6f7b48375f045,2200282139121540000000
0xfc3ef672b2cd0658d774f5ff1346ebd24b213afa,81725569517902100000
0xfc69c8446fb883134e7077b88519d0118f014864,1763465248988790000000
0xfd040bb74eb6953a3a19ff9b1f032c1beb00981f,1234819899419240000000
0xfd5350a10f23d7123432ed1e5ec921e600941c6e,2334835658970340000000
0xfd5af475cd49217fc716e792ae9f270d6fa6240f,21298889840805900000
0xfd6921f6ce7bcbf15baf7d11df2925b45048e425,1813983737648110000000
0xfd7e6f5dd2456d2c404d28d7eab8e8fc579bebdb,22167218348930700000
0xfe7f4747494ee2adc7c23d58e1305344a26ef64f,30357088345749200000
0xfe9cb6bd3afc7fca855214d738c934ddab55fc1e,112193554232071000000
0xfec43e2bea0c0faf3ea5a07a6b0a5ace172be931,209204992220800000
0xff44f756f75d6f2f885f4288be41f1bedbe49fba,11084112801211300000
0xffe665c7ddf7c57736db69ac66ed757b811f3f3b,10393710405574400000
0xfff923f5a1016e422ddb5d5b7d3ef8152957d2a5,4566117697217720000
0x0019cf2d5476d5006260b582ee973f0de6212df3,8066079159001760000
0x001ddb93a6725639146b9f5f187dd2e015e0482d,27471702878401100000
0x0021e4238beefe201b526c61b0ea5267b1b78723,129090039201097000
0x0028c8231989e2a6ef39e7ed860d7d8bbcb67562,1187628360650090000
0x002d1e208be826b88f7d30afc56288e1abb0d345,2788344846743690000
0x00309826dc86140ef9f11abfa3742df035a10934,20590027599464400000
0x004d5c3c8be30478a5b58f1ff1a98f38f65d3b1d,1076107232637600000
0x004fdbc8c22ae5ab06ca84d933f45dd87e9e252a,22612002229339500000
0x00587210a5c18690da1b825fd6f3f9c583f52268,286615258148850000000
0x0078a0c1d523181e3cdd798647ad1c6d0306bb47,1146581716998530000
0x0084607fffa62eae449ceea975bb9710ada455c2,9600168035307160000
0x0095afc96094160cea6a5e00b5858369f25f3d74,2101597466983990000
0x00b8290f5fbf354656856b4def6961b59deed8e6,283998086242413000
0x00c93592a6d4fb0b7829027044dcaf2a4ac47c86,79032226825155800000
0x00f63088800e6a1891e05843bb6dc96fbb54f354,197559395993358000
0x00fb98b676e6677b9b20c5a2a1ed51d45734ffea,1740697067185180000
0x01081b1821383e48289828b8b1d03ee8e5b31e44,20058967149346100000
0x0117e91a70d7a2ca31e838069a585003798bcd7d,1454862904407640000
0x0118ff920b454eba1320d014f22c6d1b9f751a74,410
0x01190da45de5151e69d906be9cb2bde4d486caf8,87509328624320700000
0x011ae0b0b6daef84492f9812399a9404068c6a14,7207355068675630000
0x012284b9dca8d887d5ca0f746100a960ab0803b9,221033166377830000
0x0141a5dc93a47ce9ba135bf1eb12c058d7c1ab4b,10625566940471300000
0x01485557c2bc6e26c7187ff4cc38d5d9474405d4,10797640936828800000
0x0148715bf8f3dd3fb39c742efbdc564a5693a884,3412291311100530000
0x0149f4ffb5d9628fdc269b835f3ba6428770226e,1202350296668300000
0x0156c17fe07392d81b870805a6a061c751c90f34,246363694607173000
0x016feeca99cea3019dd6e2796c6df786f887b8ca,107858038258508000000
0x01740c9fcff3607531b363dc940378d2a9fe837d,165079451122696000000
0x0196ad265c56f2b18b708c75ce9358a0b6df64cf,506528143058674000000
0x01a06b5a3c2f556be150ddfbf0d3dd30d06952f7,16414612059276100000
0x01ab06f4eb304a6f804e26cbe5f16d23d06b68a5,40343910642791100000
0x01b5fcefa2fd6ba0b569781b3dc3b2989d5249fc,1188497825350090000
0x01c116715455aaae57304c8c510a4277cb14f9b6,65076719675908100
0x01d80bdd0c83c99465698e77e829c015950b220f,18237857554321600000
0x01ded24346ed09cb7f672a6a9b88addb1fd39a39,18798380564071200000
0x01e6694700fcea08883a6378d4ad82441bfe4217,273670883106325000
0x01ebe736c12fe6915c615c159c801433b98273be,1133009367258580000
0x0204c528add1c492b3915eadeef315a654d8190d,11021943188576500000
0x0206539c19b2791dfa12ef09a64f37bf81c7bdbc,21540769903319200000
0x02482219a0d939dd6e224dcfa0cd7dc45c1296e3,66966748735960900000
0x024bbf657aabb7e80f920a81d46260732e8c2167,225231188432521000000
0x025a0ba80b9adc64b9847ae768f228614e819982,5007759678758120000
0x025c22f47e0367bb04555cf0f3acc79347b02c09,8058419879120620000
0x02699a4cbbea963d20baf49fbb9f5204198ae2ff,2311744422013240000
0x026fc425d692c52c43d69aea0fec9b927a606a37,21229385067043000000
0x028c2875d7a41a17981da23a8ae1cb805304fcc4,19105325801762300000
0x0295a1f13d2bd7b20b35877cab187d15c1e231a8,501941432226104000
0x02a266bcde962f6ed93fc0c8e70afa65a6b07627,2010391470900630000
0x02ac35778918809fde7e19980629372a6ae7389a,1717624742106960000
0x02b2117a836ab14e547e3e7110395be506422671,7008040048149130000
0x02b4c44a97dbd61a16fa7a5a1b4924a4bdff0d78,153804894693171000000
0x02cc2508ea74e19caf469d0eb7e3a97f2b4bf902,21442249845104400000
0x02d17e73726b03edbdf4d519e361b562b243bc61,4780468367928900000
0x02e3f540be055029cd072a46899e61eb0d8566e8,103630350517971000000
0x02e96cfd2daf1ea22c86c6686fba28103628f045,32764696718325400000
0x02f1828f21b7ec274dd9e5bc1b83354d5225bef6,19310962899709700000
0x02f6b1fdca6ce98fbc0f76f2b264d9c0518d99a9,27605120856891500000
0x02fec1e5e224da14dfe29237042d56a96523949e,12686969052683800000
0x031010be201eca7cb5c4a6726b8a6a2d1895b26f,133037290585453000000
0x03286af628fa73bacda875270a4251b24e24a467,162994247096873000000
0x036059dedd4e37ed0b1e71e40a972c1eb9dab464,146543012501085000
0x0361feed2783a0a953b1a9e94a53494ed09b65ef,2649474541527980000
0x0378525aa9805d64561b56b4c040e7af2675ddff,1497444454732720000
0x0385c6469babd8d910954abfb95bb4f980730a32,9666778495534920000
0x03b0b0fc2c5f042d5d1d744f19464903ff3789e6,273670883106325000
0x03de77bcfc10a6cb92078409cece20fdc79863d0,6600296250328550000
0x03e3999592d194b5a2dd9209102b9b534caecdf9,154651504003651000000
0x03ff1b9a48fba6b5d0b6c8da5ca723471c1c655f,10704006424269800000
0x043df2fcdce668c8221be5dae21b07b3bf483448,809652725869278000000
0x0456515e5cff85ad245b4bcd33ebdb28da6a6493,516360156804387000
0x0487248d0ffbcd2ce5fc75ab27640e16ced7ad66,7047393427030090000
0x049aa75e6ab5e2ab2ae21ddab95252ab76ec800a,4853785473961230000
0x049bc20fa95ba1403c0fd78ef1455c342e67b8d8,30496126676728900000000
0x04a542178490a736a6d93b522c39b8114b3458e3,19687978941230300000
0x04addc2569dfdf5649ff15603c935f081f17cb8f,46400930519098000000
0x04b199c1e53b8742501363262dbb2f13c65b6a97,8454747845581310000
0x04c5c5e26b6342341106834851d45d48ad049745,2581800784021930000
0x04e4ac7941d8227e41cfb61d594a528a9fb233db,13578899291712800000
0x04e7092f86560518b952d71885153425397b990b,107398245432301000000
0x04f1789b54b58c6c5b6df7fd485f6fc98dd5d29c,1534299011819330000
0x050e4e12b409a13abf2cd2cfd8a4db6759a4b59f,496393987578161000000
0x052e0b2615dc9ca10ac3644a796bbe5cb8b78d1a,24
0x0530efb27a0d48ebd5533fce16d7e3f6b911b456,139417242337184000000
0x053bbe06ad4f726c55367742a57a194b729a24e7,100882709447138000000
0x05421c8303c7e36dcf2314e27b6a32209ad3b7b7,63749190784363400000
0x05480882c86be2bd9d3da7464ca67dd4046e101d,5117645514088280000
0x057faac3579cf1da6c98e19536bf64aa644bdc30,149744445473272000
0x05944c025361fc9f5043b0f64d7bcc9e278630e7,299488890946544000
0x05a053a4d8dac6d1ab5a6926b977c07d2ebe645f,2633106251393090000
0x05a4448597935c508e4ad0d2cf56d56bedb246ce,5139375401286210000
0x05b00d69d50426020749e1e1c60901e129d3e43b,232953065020023000000
0x05b1e26147d27c4d39f264b17839704c452f92de,965490221192842000
0x05c9db8b2b5ad47de646fe32d68b9e2c3e6a109c,1146319548105740000
0x05d3db5bcbea4a44c5e93d1b9cffdd38d681796d,11535137442958000000
0x05eb2559fa3760748428209742bf3b0c12411d8d,1224213399557870000
0x05f39ab06cfbe54c73f0183dcb0a85520d44d7c2,377452464740746000000
0x061f6292a655c031c6d712bc5a02ea446c85c369,37672682139805300000
0x066e7119f7d4e3bbf1af2fe905cec6d844825fbe,18671256502056300000
0x068705ac7fd46865865e4a35cd47b901ff2c5442,6607927113586620000
0x06b6b929e1ee3724c450a07651f068f5554054c6,367
0x06fe3829c7ea8b444264fac89b585126f1285331,3454737299759360000
0x06ff58b214090c23d4fb56644b8b01538de3495d,54313239821438000000
0x070d866c723438324781dab4fdc5b90db186e1c3,16223352617212900000
0x0713b86415aa50127cd6d8ec3de6d853df814755,9619789721265720000
0x071720e09f85df0f01875183f854f7c46d09e69f,3631575084809690000
0x072b7bb4860fe8700f6c46aaef8fbca49d6fc9da,1048211118312900000
0x072eb97e6a9413fcc178391fdc03db7f5d0a1523,99885671869098200000
0x073bb8c6d58519c989ff662fa9c215bdd339b190,247814148254345000000
0x0743c080ab509b7f2643db1fdcd591e0d6051daa,367407580374219000000
0x074e2cac504ff3b19f4035bafe23e1ad54d1e871,4366503775560050000
0x0752de059d4cb9720f6321f83f2975143c94c82a,104202673260673000000
0x075757b546a83b8607a917a6ef13ec2a16c80246,73363834169122600000
0x0777a1357ad428bf82f9e4933f9016920c54615c,531644417445796000
0x07ab86b3b2fc66fbf7a138d25d2dc780cebcb363,504370273963389000000
0x07ad2f67b2a40459dff941b5f4430b3c1981de97,375066301760182000000
0x07bc260147e692088111efe5416bc234ec28d194,450
0x07e8c226aff3bfc70e4134b7909eab25dd06007e,5046077996355190000
0x07e9d06db58a77407db95d93fbe1275a46f97463,7345760322985860000
0x07ed00ea965c1e10ef2edba542e0a0fa98f2f474,283998086242413000
0x0806687ba75a4145778419f0c606b3879a21c0a4,1335127548509440000
0x081fba453624da22f20dc292570052bb86735175,201380461153711000
0x08467f8f499b2b44a3d0072b8c03180847a854c4,659978064823281000000
0x085d9df1764c49458ff8ca0f487f8382c15835a4,5156481190751780000
0x0877acafd6362938b38a7b28a6f8f5121e51e791,150927866642255000000
0x089ebd3dff675b13f75e08fda4fd66be2f9c1d7e,851652743273602000
0x08c4076a84ad68fd1b33abf0e235bfbb1a881e0e,11040037841805000000
0x08da14f506813c2bbf9995e20d73bc31abfdb29a,4567249694469540000
0x0908239ee183215948af304b5180002b944cd394,475051344260036000
0x091857f9fec8e49442c843104d4e79922d116ff0,522836036074933000000
0x091c03991c232033d7c86908e2299b6deb30d75a,20655503459490100000
0x092eac691968911f07c37c938d17eea96e049a9d,93684733367351800000
0x09597e85b90a5c90ec3e59015312a8795ebfe0dd,1480626978441300000
0x09683144b588549defb4008af3dbbfb6641ad1e9,17891060295091000000
0x09b4a86a160e37d06fa2fb5749326b5a6106fe9d,45475470726593800000
0x09d880a90b9c0d218bf53e888e12668d6490aa92,68511520547875700000
0x09f25ef6ba14da72f28bc11432c70391e25c64b9,2487823235483530000
0x09f37fc3c3d8b6b789e6840c26faa7dd66baf76d,109697100791994000000
0x09fdcfd6f607a06fd4aeed74f5ce6548c8eaf3fc,57729065530730400000
0x09ff0a2400be2906a76212898d7589d9edbe20bc,23558290451172700000
0x0a552c60c343d052ecfb11c0822beb6d0ec9ba56,178144254097513000
0x0a5f29cfc60857c89d05e8b77d553b7519d7e31f,2228897529195750000
0x0a61a48e402cdc76cc67f4947c3007e22cc23830,134873272957306000000
0x0a748239b04ee94f89ce915a5da44b97cbfee656,6857590615822840000
0x0a754ffac819f6e362f91b20e0f43cb5d4854fee,5543642643451900000
0x0a7553de19cabc2fedb8cc4e2290ef5afa2aba52,1488328498915980000
0x0a76e32256203c38d8cea53d687008bac3e34923,405741662948591000000
0x0a7a4e9bd0d88ae882fc823a85cbf50683f60e4c,20064123995323000000
0x0a9dc9abf2752b9044fe3d204a9bfd227f5f36aa,1257716220150140000
0x0aabd56e02b908ddcf19db5418805e447f133449,800351003422396000
0x0adcb5dda1bcbd2556d4ad838e979c552276a9df,4298606082351780000
0x0aeef01a4f9be0801feed10b469acff89f40985b,32401599839475300000
0x0afa1375f2541183d1dab2a25b1033d434d8f68f,151190253912324000000
0x0b0036fde7180a3ae5bdd5c4edd9761974c6c370,760936991424887000000
0x0b00cb7d7247b77f828360ac1af6826b01e667cb,658875560082397000
0x0b133b2b7eabc270d11057654edd300a0e76e064,49681243544259600000
0x0b1479aad22b4f1633f917f6538d89e6ae7bb218,52417521614160500000
0x0b1765587f0610702d36a2ddcea6e37c41be9b81,44140012512737000
0x0b1b00df926ed6317a5604c4df0134507d0324e5,1734473406824050000
0x0b204e49a610211bfe1ae2f0f4d924055fd387b4,106623678237391000000
0x0b52e7d63dd0b015b0dcc06b0744cbddec19a326,2102721830538820000
0x0b8c3c8a60873224fc13738bfcd1ef03c2842206,1600716486093600000
0x0ba869c9fb65cc3981612ad01cc9c6c3b7261f74,15
0x0bb7bd224c1a26af74fed5595b246acb0ea2f45c,2933494873062100000
0x0bc50945a74130c3af562b595bcc1c434451ec52,702348998321206000
0x0be07e6a6c559dd487146b5c855df851afcbc471,5931050236339160000
0x0be5149120375a4b5ba59352d55173c9b0283c3d,557987252807298000
0x0c0775d13cd47d7647fa4cb0035ec3c2e34c45b9,3960158292737650000
0x0c0eca310cf57997693c8417df1ccc0729335645,11755450768698000000
0x0c3c684403d88480af1f98ff824fce6a83c741e6,10007059540484500000
0x0c3c6e08f890b03b1d2c5f072c6c895aaedfb0df,28988845503615900000
0x0c4b20ffece06ffbd8f62d383aaa4322572019eb,730344147537190000000
0x0c4db9ebb7bcf7039310c30ed06d06b6e46c7444,390665281099386000000
0x0c4dff600a3ef5c11a3506642e62a7d480b60252,4231119734670680000
0x0c737c708f2e7b200400889498e4254afc97360c,1571318377036450000000
0x0c7c7f87da98bbee4815071f0470ff4d6ed8419a,2101354567914570000
0x0c94830d50797d3bda3edf0a2e04938a93bc11fc,370467758100875000000
0x0cc7476c04bad22cc78464c69f726111ddb92222,425997129363619000
0x0cf29c333a84064723b3c8d4630a5af539f18e3c,84290631996748100000
0x0cf9d16383e41fcff5d24205d9bd763cf4d262cd,20573714780057000000
0x0d07dade65930e39c12eaef37ca88063da6286c4,286395321152803000000
0x0d08e5676c862451e5e285795e170268e9f030ee,341694083111928000000
0x0d10ce07b6e33f81116f33721e9db8257deec6d0,10388309896453100000
0x0d1eb2d3edfeb5603f3444cea391fc281e04197c,2685072815382810000
0x0d205efd9f21b59b3608013252edef572f9f234c,403525817929235000000
0x0d52a9c2f696d6d50e019c1bc7481d4450b0342f,2013804611537110000
0x0d59fb99fc52d3fbd3dbb740f882db485095ccc4,18625329825381500000
0x0dbd1b310712a14cb4612e2c00b4f6f5558cef2a,138244072060925000000
0x0dc1263173104a93c853bfb5b9e3fffbcdad7659,110540839105012000000
0x0dc8c057546836f74a04018fe4631b3f392caa63,6536890235594500000
0x0df80408e24f816c9ad0dc40f5ca8eae0d88f869,48175648153861900000
0x0dff0f7ffe1b10304eacf10bdc6dce85dd732994,11042129548300500000
0x0e2069fa38786d193444c52536d1aa7b00e7865b,521609995734376000000
0x0e3077fa56f74b5ad8346337da482d72f3c2355c,3841651167883460000
0x0e4aa60ab1f605ebc9b108e258e2d5102c11e70e,44794736308805300000
0x0e554764226f52fab89e55217f0dd8153a3dad6b,18110655655154200000
0x0e65b76cd65cf4dcd474a2402fdda492549a3978,77878957822475500000
0x0e87a3d91f39e82477dff6106dc3b8d756a1de99,139417242337184000
0x0e941fed8700d50c72ce79a7438434b6c2f87bbc,481308220189452000000
0x0ea1b6d90f548d4f341355b657e2530beaf91f57,21302508276710100000
0x0eb68b83821857f6ad0347e0f111a33c5baad3e3,157310051562479000000
0x0ec1b71f056de130613397ae6680617f1d252ccd,32408725609639200000
0x0ed31c64f54cee64b4b47f446b28cc2ddca8c749,75587017143248900000
0x0ee09722b37144cdd6dab048198d305aebd6f02c,1673006908046210000
0x0ee3795adfa7c0879c5a4187ecf70c8934381138,2581800784021930000
0x0ee55ae961521fefcc8f7368e1f72cef1190f2c9,529332970447233000000
0x0f06c370b28c7cc16642320348499f024ebe32d5,183669307775320000000
0x0f16f3eb279bd8cc73c784d18a87b1dd69e9cb49,12064868314127000000
0x0f23d67f6115e601423d23299bfcff580955aa8f,4646701677995070000
0x0f3c7c398d96414db7d022865c75a1e872c7f327,24924615141353900000
0x0f47feb2173f1a387308daea204d77f5342db9d1,1625605045651570000
0x0f64e667a1d3ba851ced3d0c48835cd0ad3ac834,64306728549243600000
0x0f67d413d13258d39da3498e2e08f76863e933de,119278540881598000000
0x0f7b66f405dbc6f61197118f79463e71304da9e0,19621685958566700000
0x0f840431e4a340a2de3365dc13b69bd1a2fc44fe,4229057981943440000
0x0f919a4632f588dd3eca52fb5a816e7e1737b660,150595692746140000000
0x0f9962d18e2c6c500a686607a2d6ffbb1cdf5611,480214945828079000
0x0fb5b52ca714d07321a4913408b00e83675b53f8,163284458900861000000
0x0fb6cb47619c031272d5ba97b044f2002db0361e,2065440627217550000
0x0fbab34e188ac4e3dae5ed028d6351085b455b08,1699912431221940000
0x0fbe640422f78f179be15dc56bbee25b102bb748,728
0x0fc1f690ea0ff6949bd8f4f411ec51ef7b58d29e,13546708713763100000
0x0fd520f8f90d4842663951655ed909826fc9e908,18666796747373700000
0x0fe11130b1819e2e3e5e5308b9ea16ffda2032a6,2948140828558440000
0x1002d9e169d5389574c381a2cf0f7e0d798e920f,53600857727048800
0x100776b4eb47d99933a742f8db02bf0aaa062364,318205735221960000
0x100bd192769d10ca81da96105a5427cfa4f1036a,197662668024719000000
0x102268ed06cf28218c581c125da0246df1bb1f05,628369039674072000000
0x1024cc10bc95b17850aef25ac378dd5a1668200e,15723166774693600000
0x104562bfddade5f08582ecf2a4cd61a3759696fa,1930615516632610000000
0x104f7b8671589f86ac87dde4e05262b888b3b16b,3697655082876210000
0x1063e23cb14960f8890fa9ae0f6c0cbd7177a19d,242
0x106d5bcd38f25e584150e1915687675c36d28ea8,20271854252307300000
0x10819b17e4b4ce365a632658f7754f5b5ce147c0,317459778540581000
0x1081abf242bdf1bffcb307cab2ffbe2570339c3f,266146989274875000000
0x1081d3833eaf0e68a2cd0d18ff69d8d1da72b50a,3407977034908950
0x1085025f18d090f24d2aaf282c75001a4699ea17,8001242081725740000
0x10ae509018bb1e592d1770e54a4518eff5e71510,2388689306493060000
0x10b0661981f970746158ae4b50e5c6d3b6867975,6476768246917390000
0x10b545f4760df6c97e5daf568eb6090adbc83273,283998086242413000
0x10c54575977d4c654aa8dc254ce949737928a828,3165478817053910000
0x10dd1d5dd2595c89f1cb170b16b6c0d23369aba7,13147665783439700000
0x10e409a5f3d2ecc162d689bcbb0ef887406b317b,227198468993930000
0x10e52ec81735f8c7185eaae4a86a9504c5673c6d,25818007840219300000
0x10e6dad4bb48ae5f8b73d140d61dc2057df25a5f,16091666893855600000
0x10e7e4224800087bd5473b0876c638b68ba3bfce,113523123009852000000
0x10fea0396f47d16cff03ece0dfee2c4d5340e76e,12909003920109700000
0x1128f7ed12b305e2f02accca3e3c76f806e3cdb0,3978896641594570000
0x113de1ba26fb122934a6a04368f62d5c838c6f49,151190253912324000000
0x113f7f28f6eefbb9a9d168ab17f3b91db7736b6e,4628591997241440000
0x116a8080b2472f47c9acf09b9e1e31148295d477,4259971293636190000
0x1170893535187ea6b8aded5f2db9bead9a8e6ac0,20522450545986800000
0x118cc8ba47636b369048d81ca6fa8efb4ae3e88c,289161687810456000
0x1197d134a29a1bd2ddf038bdd4028b86ffc88a5e,137921198037355000000
0x11b55e2d3cfcdb8ca89f718a8f27ce303c77decd,475051344260036000
0x11bbbeb5b243999500d9d4a3f982a24f5d503049,27366664021267800000
0x11c39816fd0bbffc1cbbb5dd488f7526c25a5ba9,16374727266664700000
0x11d0315bb83b5f297a707a7a0719ab007288533d,2581800784021930000
0x11d94cb13f57939ba304b591ac8ac56a63eadaf6,22048578695547300000
0x1206d26bb21757c91d8ef3832d9c2246c9d67a29,504256674728892000000
0x120784d6b4be27dfb90bf3afd39db3cd27652d4a,12942908097675100000
0x1207f435d842f06f28c686824cc2db1825309851,1743440558677460000
0x1211484a0fb5811b5d07d9f3cb195b829eec34da,1005215145624488670000
0x12159c26e8b554fd8f42f5120f89509f274f497b,21402426398428600000
0x121acf78d8b71eec95da4e5ffbefbc07674a64cd,6996139272934580000
0x121e01a218d2eb991584caf2daf8b25b5b27a12f,402760922307422000
0x1229366ca766cc7eabc1bd50d683712141c94bbf,7544262333879220000
0x12392c37c346d1d05795ae4118e788337b73832e,2048793986720410000
0x124e41ae25d98b73a881cd213fb63089a80728b8,56799617248482500000
0x125a310f4d6dd1e37345c5b55688ddddbe0afec2,55798625824042800000
0x1261e919eb61a3cf41b68b65192ba1a4491c53d7,443078211965965000
0x127e99f481aef9e096a19e598552c8c09362328e,278834484674369000000
0x129c0b9581495d46087c9b04df06652691e93cba,105287514142924000000
0x12b091193f4227363499a9583ba0db0f28c51be0,139417242337184000000
0x12dd7fa017b4438b2968085b62482d8d589028b8,1232866042957100000
0x12e1f57a00320be1e5cfb410e5f3454d3fbefa00,653167191048117000
0x12ebd80ba3d7c0624f340a8493e332159157b3d4,3452438042806250000
0x137ac9b74196717774e7e8d4fe5de315aeed2947,129309345152097000
0x1386de1e84bb10248badf884a4d25e3eee4329c5,22329786902712300000
0x13881d4b27c55d5c2ff8ef145ae6692bbfe29de5,4404635907272850000
0x138d2eaa9014e8f675b3a4b17e3cea3c0ebf17e0,192290973313483000000
0x1396d36f1d89f0aeb2c64ee3e8f1b90b1f4e60ae,108383996913241000000
0x13ab968db75aabf5c4d5bb9b4d423d5c1b8d25d2,1094700909491190000
0x13ac3dc53d5fbf87727a111509151234a6a322e4,3592224704051120000
0x13dcde91d9cbfc07bcc7b6965d9553d04a2640bd,79
0x13e576194b51f9a268e5978d2b9b56680fd429d9,2463505579124990000
0x13f15a7a3a924702e9c146f68f562d423f993299,576018972640959000
0x13f2042b4eaf9b971b5fdc80baad5dd6565d30bd,511196555236343000
0x13fa246bba8721a0bc426d7374df03c96867fd0b,47587752051092300000
0x13fc5d70892dfa109b2e8afa19ec9d1f14f29737,3841728888324760000
0x13fe47fd0f4295ba5ea1923a7ba378a902df0202,2357323186803330000
0x1405926895600265260fe89fee8d1cbd2c1a43f2,27173773753203800000
0x140cee91461ccd2e0c8eaae1580f9c0c5438511c,636155713183004000
0x1447fddc34680e82891d3193a6dba9219bdff5d4,206817733604861000000
0x1455c0eb0739d6c4aee84170958c7f2e88dc9dad,10770212220690100000
0x1474446e27ae004bb77bcb4b2fea64dbdb476491,966280255814635000
0x1486947a7a32631b15dab6a092e460be03fb5c5f,86138689781188200000
0x14a4db95774ac0546dbf8708d58061fa5d0ee497,1626558604726980000
0x14b03165dcff69d3b45482b62b34ea4cf3975171,151369947246892000000
0x14b6875440c4013e6007ee003674c8efb1b19058,4047939541311110000
0x14cdf8f84ab910190c86bccc704f792081b34da8,1483224526787920000
0x14d481bfc75ace2ac9b6b2b50e9d0f84893ec7b7,7809828067964240000
0x14d85c2182938608e4c1a168ebf3679001e259c8,3098997851598130000
0x14f6c2f5859a75456bca1728d8aecd74a4c9fe2a,1135992344969650000
0x14fe2292a4d5b051f9181adc67f068ee93550930,16062932872185200000
0x1501bc4ccf9faf086526f40ab314cc3161b668a0,17456077620825600000
0x150c826d4992f815abb2c8548b0bdb51801489d7,38258764450290900000
0x15165274c75faaedb1011ccc1b497b814c295576,24383533481605900000
0x153ebb12eb4f22e0964512302e3d35aabea9f0e7,524998862227724000000
0x1543c3446f436576417490a647987199685e0b8d,52999333482332500
0x1547e39f8360332e2786c6608b9c50b1de53865e,6198272803647250000
0x1548d45feb353bcf89b6e9d82155c2c2eb19e235,48631331338089900000
0x15ad9ef623b0d635f2eebf20e0548121cbafc719,8644
0x15aeb07a5a3e11ac2893326f077380a0389a264a,3934871583045440000
0x15bd69f6217d28b8318e84b7f1ee367aef67dafb,191553575793549000000
0x15c7ec80fcadf7a35cd760be00cc8100cd417739,13353791211429500000
0x15d63b784f4029983b142bf04b0fd2dadcf616ce,7166077787902450000000
0x15dcb11258248128667ba59ef748a20be78cee94,178144254097513000
0x15ec8b3983ae7c6c2a3ca372fb74cfc47ec4bea6,1287327474616610000
0x15fef322b45784919c5a1fa9cf7649d2cd5370d4,511196555236343000
0x15ffe1327ce436c5449692481b3b5e06477a861e,30694612881916400000
0x1603558b76d3256a220cb6a9e96b024130e238ea,9201537994254170000
0x160bfcb2e128306a6cd65eb88135d96a800465b3,222034867425886000
0x160c7f67a8033a2acb2c05e76572cfad50ff89e4,7635435471029970000
0x1627cf520c4328076f2313e468c4f449849631b2,745216060707835000
0x1627fcb7c50b401d95c98b287e9ede7049ba075f,320143297218720000
0x16289cb0d214cf8eb5b9b5cf49e8c1118ecf2103,813783607123713000000
0x162dbfa889cc8821d04d9e6228a31bc3a099269a,4265651255361040000
0x1661cd461bf10c491e95a77c196c6e52f95e81a1,2883523133219940000
0x166431c92eca872b9206fae3d00c46ae28f81116,97841283336321400000
0x16758e8ef323d6ef919fe80d5556be050a8a3083,53800279493249200000
0x167b08838871d4fb119b67870e903897f8449987,894
0x167f8a76de1d1931283ce7951e5490c1de07fb46,1291
0x16ac9bbdb3b48f50c313a48aa3eb0f405ba06179,28529484454303700000
0x16b0b1ba3d654f325b46717b5817514b98973c84,336572267149311000
0x16b2e620e8c85adccf66ada7d4cf8413e4a28b54,7283663169877340000
0x16c8730d0eaa2428158130394d7b222fb8966e36,258180078402193000
0x16e2f8adb0b7e0d4aef73142cc229d45058c2d9b,59059470574901900000
0x17202de810d78d9b35e50113bda31007c4ba0069,9272156032926420000
0x1741fc2fe5681b079b1eabcf24756b97499e8b97,3923208649608760000
0x17467bc55172eb3fb50c717d7ff3f315896b0186,1662549588327360000
0x174c207f2a008a67aaca9a30b1d20bbb3e49b4d1,1469489304062080000
0x176203e3dd900f3d0d415bf86a292eda9ca0cf1c,173575722242035000000
0x17623b59f7d0adb0377b1e01021d1e412936ad91,221419411305793000000
0x1771143cd8f3277e4bfeba5d51d56b4df2dd4d49,3493643319290930000
0x178a2d4f9f0ebc7eddc36f2b73acdb446cc73735,40509186200458100000
0x179693ad62791c78ab6cca53769da5f42309831f,1458170262062790000
0x17bc5fcc23fe4b94b52e45602e6f65199b361d4b,18611441391711600000
0x17c1842fc116610a533dcc1549c6afc363065c90,5364707398361590000
0x17ddd3b6fd75ef84e2c13b43cb3494240e4548f5,15366813516015000000
0x17fcbe99b848a261574f2125d73ae9ddc4c8bdc3,27340504761834200000
0x18365da7c482be36fc3479f65ef83a750ac080be,160071648609360000
0x18429367efdd0a7053987ce556e001fc9726dde0,697086211685922000
0x185c34dfc01d06928529e6e617d6eacd703ffd00,345011202370419000000
0x18752e60de6fbff6aea68e1176e80f7d0b5fa81d,10683864179579800000
0x18859f3962f472eda85aed875dfaf1e0ce4a34ba,309816094082632000
0x18acc89444ca9806e5b2b025d19eb6f76b34f5fd,2096422236625810000
0x190a031ccbd45abcf1b751cdbc20646ffc2bbda9,143150262150750000000
0x194097368634ee3902145c7275e6f314e87d78b0,709573585489758000
0x1942ed83541cba39f77e90779b87cbe5c6d260bc,61343586628361100
0x1996a1c4597721edafa2ffe433b0c26b25494ec9,186708619144211000000
0x19992115f80c686f56c1365868060cbea8aa7a41,1083021824254900000000
0x199cd82f492742fe84ff39bbfea875375487d13d,807004951884162000
0x19a7a9a9019986ba129590076d9095141a902b99,3105105186800850000
0x19b08e864debdbbb5774cdb91732230d6a419498,2467972447025450000
0x19e366e2c98561b2860debe11bb171f31cd74835,55555189270584000000
0x19e8f2b6a35f66493fe28943e7accdaf78e7f52b,1290900392010970000
0x1a0613218926b60629d3d602ca580ba41031ba1e,475051344260036000
0x1a080616bd00a74b2f57b0dde488fd4876842dab,175006186261968000000
0x1a08de0ce161ce2796dd000873c7716bdf5d39c1,361452109763071000
0x1a1d97e39562de8cc1f69322384f3e37e572d514,685735737160373000000
0x1a3de58f4defe340bee9f83f7bb5911415397162,1007043272091360000
0x1a449c930fcafaeb3b7da5fa6be7694d38edeeef,33048280102632100000
0x1a5414ecd4eb527570fa13414a0b34319966e058,5782230093153980000
0x1a7c1c3eeced0217abd0dfe6c329d91a303ef659,13651033811718700000
0x1a7d7645699f2c9d157c28480fc1227a5c4db42b,1812424150383400000
0x1a80fde219ed651f7eba7481751fc58ddc8350f0,45388009143220500000
0x1a811e557530e1e8feae17cafd96052c577a1940,3751003890760300000
0x1aa9e47e2a99ed5ac0bb9b0920569c55dbb7b230,34429823394709000000
0x1acd043d55312f1d491fb5600d67f560aede7617,4284338472989640000
0x1acfd404af3ba8dfe4fd6abe1b3918f3de7733c6,891751123192515000
0x1ad9a52e8d1f1e957415d3407ab9a8bdcf5decd1,36145210976307100000
0x1adc7658d3c45346eb68e8cca34209a9bc30cdaf,8352912753870740000
0x1adf47d4cf644869b05503ce0b99fc38ce9aadfa,222295188048110000000
0x1ae1ac5c107e583750cd0e0e8f982f82c55e1852,47934023172245300000
0x1afe5812ad04ea41fbc5c02592b4be5fb33d9a2d,7628181946396030000
0x1b011c3c85b2e13f7fba384f8a628565f1448e4b,22543739581375100000
0x1b11c6ea8379d0c393bb5c799b6e50144456f94f,1497444454732720000
0x1b2406ebfc79da7076f3f8855427644fef7c3972,1519281994180070000
0x1b36b983d9858d6bd253fbbe642a93de68b7ca7f,562316210759977000
0x1b3e6740ec63b5273a65f87c86802c369d9cb0c5,50011466237053400000
0x1b68f6ec8d2dad0c3e84b975d37c105bde2d3b4f,3396617111459260000
0x1b69ac454afb88ac91a7aec344c2163bbbf6c9eb,419426612991038000
0x1b78b963dde00a7e3b7b3782ba42037e7378f21a,23830090759808000000
0x1b949a23795f8b740aa953ccf00a6c58125e88e7,2887169609157630000
0x1bb881b3760e7c43b38155b6d7e53a6d90a57d23,117709461345128000000
0x1bb895f79447bee44ee89498aa15ecd23d2e4a7c,7394630603251250000
0x1bdd608801693ba548c555d87682d1226689f711,97955096979798100000
0x1c2510581127176917c8a80b7bf898a286bb71c7,5731597740528690000
0x1c404cfff9f4e4de19fe2209c6e24ea33b77c89f,10585383214489900000
0x1c432bf67283ae4c362cb6c9f4756bc9ab1dc056,108435632928921000000
0x1c793b9e34ed922858403ef3877b3121d836a08f,74772702371630500000
0x1ca31383438607630dccfbeab917a23e80b77f1b,1433778907363060000
0x1ca885a1e72ee6abd00bf2fbe9a01836e0a7b3be,18403075988508300000
0x1cbb0c6db3081f30e4f7230d96cf734b5cb1fbbb,1695184119099960000
0x1d283425c8339c5d34b41c407a582a0c90e5dd5e,220743967033875000000
0x1d3ad37a19c401dda157b6ef61ef2d4a9671b9a1,4026369958697890000
0x1d5988a544db4639d36a455ae411bb219fdd84bf,123704762361971000000
0x1d7563abced94db449fed39ad9438d8515a4bc63,9309020433758110000
0x1d80c6d53bee7353acd8835002c0acea7a5a779e,37696075439988000000
0x1d8eae1014bf33357e7a10b4428d57cfed07ddf8,712664120895485000000
0x1dbc269994fccf6dfe0a11a00c30062d86143fdf,129090039201097000
0x1dc122db61d53a8e088d63af743f4d4c713e8a20,2372095529094980000
0x1dc22e51c13b6e2c33fe1c4601bc789dabd4b823,12
0x1dd49b2f500f98150dc8a7ae914ae56adc259b7a,789802772232514000000
0x1de4b95e50d38cceabb9d613f59eacf092efde47,851162662527509000
0x1de6cb84f2fb0116e62223e3291b1768659f3e31,3257873752271360000
0x1df9024e6b17bb8ff91a387913240214d5e50d0c,1036076142842280000
0x1dff60777421ed07f4dde33ef62ae54316e93c5e,12167217394988200000
0x1e38a491cb0d121dccc740df8593b79c5f3c7580,46993303635919300000
0x1e4642d9c9e10b847feada042d4bd96bb4a0a811,5111965552363430000
0x1e4e7c29462e3dc4a6f565fdbefad203f1c70243,11962895296244100000
0x1e506425b51f5e79a7b6329d9afa286284392b1d,240830377133566000
0x1e626ce67b917166c9b7e470dfbb583484051ba5,6560646867998240000
0x1e64268f1fdf6215bc094338aa135cce75443ec1,208790229403854000000
0x1e8918fa4d93c40431f4cb1b41520158afa27352,888139469703545000
0x1eacc4ba269de20477746673e3118661b7df05f3,1406178028075220000
0x1eb109bbe8810f61795cbc3c014cda7dfaa4dfd8,1299928116087220000
0x1ec3e83c513bc16302251b81b3f35aed324acdb2,47882077340470800000
0x1ec59a83ea09f74ffb0c0ba6c36af7de478f6b39,1206272112756960000
0x1eca669aa2bcb7b1f03ffeeb4ed1034c86d77d7f,17556245331349100000
0x1eee213155050e6efe37103a82f3c8263acb1425,12676210024553100000
0x1ef47d1853c7be7e4d6cce8db451e5ff5ef191c6,834945194189352000
0x1ef90916af00c72db05dfa8ec7a03f07a35410d0,657898179141753000
0x1efb86e35fdaa66a847d0bc5ac6739dd0d5df3c9,454590568276862000
0x1efde6df7ee918c7cce91193a7859712c21f531d,153804894693171000000
0x1f00a65daf2d0d31b62327291db4eb8b8c9e00fc,34079770349089500000
0x1f0dbacfb5e4f6ec8ee548ed1618897c9ce74ab4,690845701767490000000
0x1f1451e422f5d15be909a85cb0be34f43b3ad4f3,102860948023258000000
0x1f2d724b2a3f1b83a41d39a19184deab7b247b2c,5596804748907030000
0x1f391756122c08df29a226f9c7803c3ae50544b2,1113813581328010000
0x1f47351b972c887ed26f61cd46357f8e843a7a50,5163601568043870000
0x1f51221d0a6a2fd1ca80712f941185bbcbc24e1e,30409091568816700000
0x1f5e573878cf8261b8132b33ccbc1b17569cce81,6305316058196700000
0x1f78119bef2b5eb117fd537cee5c2a564b37695d,2966873032140500000
0x1f799b86c913445806456db2429b365938f55ed5,164353524528459000000
0x1faa4096fd1238f914826979b6b1ff3c2661cfd2,399331135611158000000
0x1fb85721a1277a7a587812c53b270a20e3c3982a,1504090511941570000
0x1fc4114c349629882185ab7b03061c2de1b311dc,5063727474604130000
0x1fcca7d206d3f9a0a8140c486aebe074dc58047d,316564675997774000
0x1fe5c6ef742ff9cc800195d3dddd4ee4df1dd539,696312983242162000
0x20105ee6ad7cfaebf726cc24eb4ccaa38ceb7cbb,1211938918946440000
0x2012b77565518621b577c81a3801ed3c252bf634,299488890946544000
0x2018767f3f3e9794282fe622147d1138bccddf7f,80813070433305400
0x201cc7a40bcd5127b8722b3b25523a425f8137b6,12385533163577600000
0x202f1c0d600e538adcdc2c70a816ed54efce2823,683660847609008000000
0x203f455686fea9b191ff0dbf7288034e333aa35a,693988050745096000000
0x207688d6e8e9e6bf8adccc81044a0fc9c5b25aca,129090039201097000
0x20cc804d4c89faa3c743a6595868fed57e8c5004,30819944265524000000
0x20dbc085deb930d389fe399deac9db7a3448b198,70918890612224000000
0x20e3233bbbd14459c8b17b142c8263fb79fc4343,73973756063796400000
0x20ecccf345ac8088833239b587039804e76e05a9,444069734851773000
0x20ef8442a8fb517ca95eeb17f3cbe6aeaf6353cd,3753393508981800000
0x20fb5d7fade060264c7dae99dbbe1f680066c281,44704929427519000000
0x210b4b8fb424a66eaa78b1e41bedb61b8b1d4ee2,66759554268510100000
0x21124989782391deed412bb8aa78d9e20f55347e,18051951081881400000
0x214a4357837f2bd80476f1b77a9eddaeb8658343,1755624533134910000
0x21606ee18fc1c9b398c25f56e98e6035ab434299,39824139199494800000
0x21a2a1ceb744565e17d134d46dd825e9bdd25011,1600716486093600000
0x21a4ac9884c42fa55ba089e6066acc995ccdf771,10579948195029500000
0x21b1c0e2e45c8dbd745b3bc4ff8f5231e8ada90b,5076568953446030000
0x21ec0410e14ff8dadd1fc705495c15834fe7a971,511196555236343000
0x21edf3cbb5a80579adc3710a8fce96afd2f74884,289161687810456000
0x220955674d18843ccbf41d83e957c4c2875418cd,7600110261669540000
0x22099fea1c3f88ec36ab56934b8a6b357d54b02c,17007603659003400000
0x221ad01bf490849c1a13058a7079cbf7632a6cc6,5817003710464140000
0x223773ebc292db5edaeb559a6dc6510ab71f7486,634186963869245000
0x227302ba39cc285a84ff9bbf515d317e5d69e996,800358243046799000
0x228e88a37a5c1a5451679f0eb355c758e677e820,21299856468180900000
0x22991442f04a4214565a6b7beb433fc003a4e387,11749792130367300000
0x22a6e4e831cd5e931102573f3b708c8868ae361a,61053621972927500000
0x22b2f41167b60f8ce4c82fc094a5ceae1c269b1f,1807260548815350000
0x22f79f80825696164a632429f6d54dacb00dbb4c,87890511929127100000
0x2304fe57923d35d7ce97ce7ce1dad7aaea8ec1d5,13858351373560600000
0x2308e9dda8d20b2fd029a209cb7f59c36fbebfd6,7028037544785830000
0x2319214907972b475284aa335171174c22d73edd,8612990687528530000
0x232bc2c9b6e11a4fd3fa2a6531af429aaa35913b,7924134246933380000
0x23357ffa58ccac2e3a8ad5e8e01bde39eb27fbc1,4462486642168920000
0x235d0ba518a18b43ce13a4ece128a88703a02fd3,504251511127324000000
0x2363e4ccdfb7edff5d0987ca786aaaf32ea46759,14765467768699100000
0x23717381dc1c93b15592296b0d933302c46102cf,1163367586462510000
0x23a83b5e21175616ad92fa819259b0ab2b11d50f,6454501960054830000
0x23af556df9103a5e89d988536a5cc958059cc267,56823797175918100000
0x23b1fb82c3f86c62473d7c2f5c46bb8be3f0a4d3,17039885174544800000
0x23b3be388f544eeafa2b78c46d9f2cb81d362e81,1308331384721490000
0x23b545b60a1fa74c7f361fab40c352ca92281f1c,2178074106071090000
0x23c0c994d38d85a27cfb3d6022a65ac434a2ff01,1318945512565890000
0x23c926e5ca47523a5bf579638d91c8d3aaff6f08,503967513041081000000
0x23d72f8afd028385e860f7a94b980d38d53e6bb4,40824392313644900
0x23d8b27dbe696dec452fc9481930602a9cf7c6ee,4904427390313390000
0x23d8c6f61f38ce861144dbd82f773add3a123bcd,2785272137231110000
0x23de132c9816a6820e671647ee4b8bf823b3bfde,6108035863849780000
0x23e220b5f27456d6b608103291f403f3fa9cb2fa,1983915877581310000
0x23e5c4ca1d8b1790a82895dbda507d70616347ac,223131967562827000
0x23e85bcee59f2d2fc676d81215a3d6d25329cf99,22735506312439500000
0x23e9fd8572e5ad4651c0a0a5436d872810dfaf02,5577426709567520000
0x23f8067c20ba6a4d6c450b4649e720326bc1c3ce,9340791013983240000
0x23fb8b180dcc53432ebf0a7dafd25bb5ae6127a0,3538254702470700000
0x24101bdf797055cf4f687d098af582b0c313f593,1807260548815350000
0x24173e0d2e7f7962bb2173abc6c5ffa75ef4c133,1859772286731860000
0x241c7b30a407369f5c9427a71bbcd0e0569eaade,1280258744193170000
0x2422bc294552a3e10444112946c582d432ca45a2,10585383214489900000
0x24265cb075d1c8f9a11a0e494e75354f8d676100,3674611078902210000
0x243e4939d47629b5c5212e5f887900e3c9254140,17320002330900700000
0x24483d359ef2f33700d52d5cf11eb7741480e9b2,7239577015976760000
0x244b7bd9a44d52f4f8fd1d139e287d160076ac15,14777001491477600000
0x2451d714bbbb2ed9d5de32b0b972554a9c68821b,111245391627806000000
0x248ccf6d527a38a731c02d44317323a303f66357,206826593418588000000
0x24a41ac207cf0d0fdfebe20a952498e1b393ebdc,183346205956809000
0x24b7c46e9024f8939c533437c04b842d81277fc0,222110824169557000000
0x24badc748ae83b0873b7347edd7dccaf30d14777,1055638165290200000
0x24bc8f18bd33d8cfbe28d3f09e531d90b4690ced,2784811579377460000
0x24d768d1ffadea536f293354553d360c7e16a8e0,91743090387840300000
0x24ec8d16d32532a224c021452a05cb58d819a71c,233561293723184000000
0x24ed74211bde0edd55d1ae1f74eee3e42066f914,15099364022151100000
0x24f5e32affd2234992868480a2170801fa59c60e,51636015680438700
0x2501e8db1d4985f3ab8aebd3781d292e358964e7,1121105679625780000
0x255cb27248b41066bbe295332c2c8e7f82ac2466,743558625798317000
0x2577244a519eec2c36903972e2755d16b69facd5,59233119395470200000
0x259608da06af7438370cc18bdb0b58390ba88654,1520043229285920000
0x25a3c7e4d6b690df368d41ea24ec2dd13321960d,13942
0x25da1a20c807e482f50dd78862a5f5db5f420763,335634101922851000
0x25e6b02a533388fc145336b954206c248e11e6ab,7453217212032640000
0x25ebbb75d72a2a72de5b6d2e4f2bea413ec0bed1,168867167138986000000
0x260865391d9259fb7ceb52ef41becab9df5abda7,17966447718537200000
0x2648ade1a4a86b960dba7d2bea1ccd7e3654fc39,165032472005793000000
0x2665ab7e9f1bef369dd6509b1ad0b0c899531066,2452710744820840000
0x267bfceaf1e535a0d68d246c9888da53d49e9b31,22558551974340800000
0x26ce0d5b3ea8f5ee71145b84c7c4185306e858ed,11754605315284600000
0x27033453e27be93fb7e76ded8adbe06d1b9b4410,17768197121862500000
0x2712f32b21b3210ae677c06b1f90bf6bcaaeddf7,51119655523634300
0x271bc1d79a6ca300de99e634e0a0508fa1b0ddf9,624036135748442000000
0x272e645b0860eab19466fa554df60cfb865076d9,4894707016387980000
0x2737e26f8e6beadd304a64c858d7384451378897,7329439113281570000
0x273dd9306004c9a37418723b3fc5b36798728477,1703988517454480000
0x2746bf8dd83dbfaa7ea89955b3749a62ec8b57b5,838134715497678000000
0x274f5e074162f9440d4b4b761e4290ebae40dd07,151363109399491000000
0x275039d9fe89f091a0f9752f11bf62d6bcb3bd2a,340341780221601000000
0x2752f844b4ade8f3153a69cdd69abc45ca36f86e,5111965552363430000
0x27733d6f2f121e06af594b2c585eae3763802f76,55108237067094900
0x277d2f4fed47407b22984e1b37b3a418776f328f,178144254097513000
0x278ab82b594f75f65214d6124a08020fa14fa8d1,24188927362619200000
0x279c97271d33db878e4a8232876ad270e66538df,247327744732038000000
0x27add463ac5b774bfead682c4b970ed3aea72d92,129090039201097000
0x27d29ccfd6926d1da2187d3975f027827d61278b,1711733919806540000
0x27d5e7f06560394a790fdea6b912625e25285108,1187628360650090000
0x27dcf7599e25d04acd884c209c1b749517e92ae9,320746212405916000000
0x2812bc81309a52a42cff8193829e1159de115495,17653321040828400000
0x2837247f1de9467ed0b26b70ec10984ee9c3d7a1,537737467296088000
0x2845633f9cd219b43be29cae1ad4b776865e51d0,62193395796860200000
0x28533519360c513193a004e5b43bd7f7a50d773f,768500184562783000
0x285c0395e7525b20b26d01f1dfdf31d6b10e3a45,1045958917697810000
0x285dff25aca8a1915552007771f836d65b7a8236,2044786220945370000
0x285e70740e8c02ad31d909488b06d82f34d3b2c7,191053258017623000
0x286bf0fa479e0c4d2475a75ae10853dd0099f676,10199504291000600000
0x286ea9a67d2ab7480b653c48e306a6a36d915c70,371469496805076000
0x2882d1fc6ba61656cc2943cdcef981b85913ee0c,2011244554336800000
0x2884d2d1b2a31cf765e3b3e174f39ce82aad6d00,13362097317167800000
0x2898c6cc248c7821f2d75edd0367b1669803a35f,4751737747446710000
0x28a032abf20db09f4264a3ee72383256fd138c16,695634739266683000
0x28a5fdb835981385fe1658c22b1c439dc6c9a302,2839980862424130000
0x28bb66e0bbb10e99ae957591e74d96b8c2ba23d3,2329558847422990000
0x2907420c93aa200d654f198d55c51544a8128479,118825122486249000000
0x2912d7c69fccb5ada64c7b1eba22f715592ea0be,28832715359369400000
0x2913404e9cd1e96ae4cdc6d468836a01a1c0f66c,355302260295530000000
0x292ec2641d1450a488f1bc7d5f0540907e540685,44406973485177200000
0x293219f314d4171fa6d6393b8aa950e7973f3a4d,4853785473961230000
0x296a2d6bdcae03dc5165224c6a014edeb7efed85,9783950701670160000
0x296e220fb6ddc7ae946cc4876065b658fb843921,4765978429367070000
0x297519a471eb4cd375a4b4ee590fe5f2126e7344,410093236534044000
0x29a77d6f65fbaa16e7eb6109abe18c40b8248e26,23
0x29b28eb36f6bc57857a2cf9ff2c7b31232d466a9,17016
0x29bddb05279b4b89b8e34d52e1048e6ddc21646c,17117339198065400000
0x29d1132f4468f0d133f1e2d08791b83f1c882098,9483930272733420000
0x29dbc30f4dcd90a6913354b306c1959039d5f97a,3749260331026900000
0x29f6d2153a45599645f6a0f90af9e18dbd946080,185113712726645000000
0x29fb7c218c55bb7ff3a8fc63aec0999fc5a8fd53,333790686367992000000
0x2a03a20a038057597a8c8beabf759f22d0f5633e,9032843131026180000
0x2a3af69112c6b57dfe58800f5a6f2282a3d33832,946211361235848000
0x2a45d1e5692993ef6f5f27b96841286ccf48c7df,678847324448888000
0x2a777509b77cf8117e135c1127c3cd8d77a4fa4b,505671501558536000000
0x2a7ea9bf3f7d64a867df18564ff82a8ee53ee366,63295428021081700000
0x2ab0f6a1a98b192bbd40ac94abde5c64feea4560,702249813253966000
0x2ac3e9a9dd046a506d2fda10706cd56b686c70ea,13791471281614400000
0x2ad62395fa70410db76c79fcd18d3a98bc22deeb,128663098027896000000
0x2af077d36a9bbe950de85342eca43cf27391659a,511196555236343000
0x2af474ab335f945fc07ea690e7fca2ebeadcc66c,232052254467891000
0x2b061fad52e041f22397f076d2bfe5b0e7d673fc,129090039201097000
0x2b0d30ef27b633cd53257dc67bb90b9d9dc8c213,1622140639410980000
0x2b13824dda4048d173dcc7b23397aed6ea77d3f0,3192
0x2b1b4afc8ea54a0d7d587365373cb9733d87ae0c,61627584714603500000
0x2b5cf931e84a64459b00b2ca023612f194fac767,222034867425886000
0x2b5e6cf423b808e2c04a1a72da8b8ba7ef9ea32d,530791110944918000000
0x2b8010f1721ed36ae9197c2e65bb38eb534db406,2616266167251700000
0x2b81639810bda66fe338a9e793fc0bc8476b4fdf,3785847961409190000
0x2b9d359ea69f959276ac667f5988aa0a1bf05fc8,250407646150247000000
0x2bbbc5a3333cc335418c96a53f8d5e67d3faa75d,3734835613794900000
0x2bf3b9c10c97f97e06c809bfba67858c009d2ccb,11432213871649100000
0x2c0a07ccc54ae3852039cb9bf05664a661ee51d7,114473225698372000000
0x2c0c369f3be4fc368f35e6ca6fe1b969b292bef1,30353612185557700000
0x2c170831e607e0d8645c07c6f070496ddef9f33c,33692500231486200000
0x2c31b91673cea1761377125ba2bb521436e4c6d4,4234153285795970000
0x2c496dc6d24f1b09b1e545f59b5600d7c2cd921a,7715783345385200000
0x2c4b8ad42b4b9984e56da0dbf3b2362d096f7574,773610786924332000
0x2c536748c550185eda56a818bc8376161bfbf462,76
0x2c65b3963469871a1f8f3987c2a3a14cbd0440e2,124131157251506000000
0x2ca26038b680f03c970b044301abadf99a0f2802,84740550649242100000
0x2cca05bf358d4139614af48190e6c470abbd69ae,9906891793116490000
0x2cfb84e0612bcf28afb5653369e99c12f611c81a,1291015667396770000
0x2d22fdfa34420089b1c3df5e6f3de6034e083015,22441012414718600000
0x2d27bdf8797a3d06a5a67720a7ca92a6104a7e1c,87524326597434100000
0x2d356ef5fa1ad1d4517d713c516352b1583c7111,12869994755921800000
0x2d6236b8816f91c0bcf29ebe543850056c81a7eb,3821065160352460000
0x2d886cafefe8239e42af48210e7c8ce56e7c1707,24672189897820100000
0x2d95f7a6c10328c4bcfba4f1ef96154e47acaf48,59879189223663900000
0x2d9ca02a5d6bc7c4932ee6319977b8262e659f86,79293880020308100000
0x2dafb856cd1df8f4d84085638118398fca6817d7,4077355975829490000
0x2e27f7d3ea9da4a12fbb8b8f554aab4692bc832f,1530181992613820000
0x2e6da9c7af224f1f9e93696e5d4aa750ff3be078,5511208423217150000
0x2e76b816aa3accf2e64d7b4ce36b0854887a7df0,3573229089804610000
0x2e7ed624982ff6f2ae009ecd6cb032bd469aac47,6934629194199230000
0x2e97778b97db81b62eb64103813e019f353537cd,9473494608090990000
0x2e9cf81d84ee0befd02171ce2b15607389a12e2c,5443803130558190000
0x2eb5f72fb71324dd4b0fb8279566b3f5cef0dcc7,34090097552225600000
0x2ecf2451ab4c7a2f914a88bd6ddc6228e4b9b21d,149744445473272000
0x2ee23b1f18ab47cc1aea596beed85c3fde3d7bd7,427788741308066000000
0x2efedae21dfc516bf52f8d132e68d039f4894097,495632546939273000
0x2f0af1ed6ef459d3f55f5b05361512360d8402c6,211707664289799000000
0x2f1264dca7397b768ff567db2d4bf6f409594286,610481624403764000000
0x2f15986afc6e809d7a4b195c6eb77864442a57a6,7596393861346680000
0x2f2a82880b31dbc7ad772985c574828a14344dcf,7864125820790010000
0x2f3b61edc3bd7a5b4a58c13c4dd27de640595135,681595406981790000
0x2f8e4fc8e10c5d0025db3a2a8c76e5335671dcd4,1902325527348740000
0x2f9a7335434d605df5401f141030722d815ae471,25728691434815800000
0x2fad53e9c9856483064cab9d2fb08429c4f78930,7501735472491230000
0x2fb8a7f7538f01a1e57ef5b7adef1edadddf8d3c,2131121639163060000
0x2ffc4f5e24cc13203a3638dbdebfde7ca1cb83c0,185920908662004000000
0x3003c663ee474a4c8a6dcb7769ded36abf75229f,542178164644606000
0x3021a59f56cae360183c40965d7059a4a73a7ba7,242703743377582000000
0x309f99b14ad2b37d379313cb35eef67b6e59eba3,12909003920109700000
0x30bacd12a889c9be7e5da52aa089744c62aff878,390021284518744000000
0x30cdfef4b9d4247247f640e042d37de26c812ad5,183778686013469000000
0x30d81aba86a2bf70f12b16e3726e059847342f40,15991912173575400000
0x30f507669731d22b668b37510edec9d38b40dfff,504256674728892000000
0x31100aae76845de42daed88f78f3da81d8bf6ce8,32857442585902200000
0x313672f0be39110a87592174202cd751386daeea,211504336870822000000
0x31509261ec50cd51a775666f6b5d6b1f408c8671,95526629008811500
0x3153ddde91a24486a19c7842f98dddc436b0b8d1,149744445473272000
0x319d116c3074ae7da02fa6ee50ce453fe69d7b58,131264522195034000000
0x31a3413446378ef0f853d4e2a268a7dfde76ba90,5116907983158290000
0x31c92d0a90c4b85736ae1d5d38324c631ec3fa35,6454501960054830000
0x31f0e4031b4d5ad8fc3c4303f441a329958b4c87,2152096262542010000
0x320b2b3ca30853b70f8d353147ea68c6d18ee00c,19374799922430700
0x323d53a492a0d134c6394f1053ade85dced9e0cd,681595406981790000
0x323ff4101cb796e1cbde583275902a3f4d0c49cb,1084
0x324282f15e7ab3d830f0fda24f4955dac92650c1,7426030221459110000
0x3246f11f7a72141cf98e2bf805db429fc14393f8,449233336419816000
0x326c9106f932c7f0e2a19903b6cda24b65d7ff3d,5689644985639360000
0x3285f768fdeb2ecd77e989db1c1280bf79d82c71,10697901283250000000
0x328790a864bf986ada4f7761cfdfdd2b920d0d40,12334887373539400000
0x328d1e65f65b12fd3f76fbaa3afbc116402892e7,711307499127526000
0x3292f7a6f856a88136da5c9047303e6ee553856a,325306898786764000
0x32b949eec6eb1b38143866394cb184d976d08a22,256437341686422000
0x32d411d2b6f23ae43a7ee3b60794bd45cef7ecca,283959128553303000000
0x333c4963a131752be89aff376e97d53b6df44c94,390550935280860000
0x333f17a236b3dd6c7ffa8993ac22743e01841979,2046988835782740000
0x335923979f2f5b95319f8ef9af79ef0bddf69068,2542663067010430000
0x3368a225119241ffe41ae6cd1b051edf228fafef,595623523487304000
0x337ab2c4e48b8b65da792c22665282184f9e5aa8,620508273342176000000
0x33aa9f198808336c036d26a75f175474421435cb,341789862247834000
0x33be5cb1a0d7c4530e408d7c4f730daa942603bb,11997855749734800000
0x33c01e098e436b1af34a6387675f611ecc16fee3,67217534908805400000
0x33dc0979c933386c9ffd4bc66411c0c98efe3e6e,351124906626983000
0x33e3c51f3fbf64606743c2049108e2a67ec1175a,30671793314180700
0x33f356c22bf506c88dbe734e316f76b43167d42c,11577202247713700000
0x34285c30fcec41bcdf7c25dd7cd908bca7920c7a,172736254448332000000
0x3435eafc0f19da30aba2898a9506069475fee606,49718574742997600
0x3445273d0918e9c8dc987192d58d0f5ffde819b5,17288487928226700000
0x3445fdad9afb65c1618738c486a296a466c3a638,41815022299205000000
0x345aacb3d6f8f84e3c09cf2c908ef413dc34d673,152687698367057000000
0x347408a128f779d41f3db29b83471fe7944b034d,157725387776269000000
0x3494159998bfb8d1b691ea0cb8360d7637a6865d,7206367110889960000
0x349c3cd8c76890b4659cc853be53813318604afa,2073372043476180000
0x34a6b04136be7792673d8bcbf115cdf8cb07d73e,173476906861032000000
0x34cb7d20d5580268dd053b98d88a6303b3f58bbb,2852218952528690000
0x34d74e818ea945c4158c5720224c4c07628a98ed,153070596919386000
0x34f4993cb8f6eeeb75c7af10e8662fc524bdf6ae,328317537830873000
0x34f59f0bba59df3abbe525ac8c54dde14095127c,195541188064591000
0x350159d55b6680656cec36500f13317c32605d7b,6365467332002370000
0x3519e6fab4dd9021138186a0c83999b59f51704e,16059317499347500000
0x351aa0222aa0d0636c2e062099d8a6017e8856cc,15122290137423000000
0x3533490604edcc16030453909472bcf4ecd225f6,48
0x35362d5e800dea7821e7a43d08a2807c17342d54,164412128702877000000
0x3546b878a7741ca13dc7d0b4b77f6040f1fc25a7,139417242337184000000
0x355382c41debac9ff3161eaa37472e8efeb0db6a,119198377195270000000
0x35705af5e90cf68c9b50e49bbbe902c3c9f39946,141055910036455000
0x3587b15f7865d4f3f5ca15d29d197bb2f1e6309d,129174538613606000000
0x358893847713bcf2fc3f3234060a6c90b2e02c68,8532588338181440000
0x35d2bdf852cf466e678e493e0c3455ea9607d53c,1409663228075980000
0x35df54ae7134b0ee36616791a66b490800bbd2ff,504256674728892000000
0x36161017e32395b8bd30edb54881b7f51df456ec,5683380233904010000
0x36496160c3482ea1af62b087645a9f2664b93d4e,656000471973387000
0x365643d306c93a482e884159ac055d6bfcb1ade4,115871219186904000
0x367dc9591b1f6aa30efa275eee4c99e077cd4b6f,2510276086665030000
0x3683d2e384e75e120604137ed3d1a6dbf0daa0ac,12988842611625200000
0x3696a99ebbbe43b36a2618d48d1d8cc7658fae92,697086211685922000
0x36a470330dc3f77fa2e4e182de7e6a59a0a80121,401211841837008000
0x36a6506f8f2067f6543339fd7af0d01d1060af0b,6815954069817900000
0x36b9affa8cc55f3fda24bbca5cf60ab623d602ee,1824894098205100000
0x37093e556292726834d23ab20f7ae4d5f5fed210,3614521097630710000
0x37103a1afbc020b9f0b95cb754ed54a13c322bc4,64834181288358800000
0x37174343816b4dbb9128b76c4f3dda6ea6f6cc3c,318805818900285000000
0x37471e37f0fe0f2e56e536e1f641df450dd7d12c,23488974138458900000
0x375f9c4628721f14461b56fd3e0e814d8737ff8f,485331290139482000
0x3763f128f6652ae9fad6f968f7e23d1ce5bcedad,74337476773614500
0x3777365831c2dea922bd9743611cdac6e89a32c3,28222994561329300000
0x3784be8344181e7bcd6f47e860d386b9b24d4ebf,201432602073735000000
0x3789b2f494bc60774c25f3843fec631e898059a8,119
0x37b9917894fe2e5cdd9a6b578ca896feca78767b,194051444019709000000
0x37ce953912d7439e40fe1dfd74acbd87315beb3d,3104957199877440000
0x37dc23b9dfcc8be944759d8ad74bef8e15b177de,5954685003418750000
0x37e8d618d0de446f9e2d68511db1f9a6703705c2,1717491526485120000
0x37fc5a6abb8b738297cbf4622738ebbe716621bb,4265187982929830000
0x38046a3da9498c13ae9749c5c3fedf0d4b3e2d42,7764257775136240000
0x380a4e53398509847fc8b3ae61f767f03e38610c,1331416075354470000
0x381e123559bce9a566f8f50dedb8a99259aab6df,19623383116025400000
0x381ffb3ce2609b02d38674b4076d53a3f7a05096,109055265117086000
0x3833459eebf8ba5b000ce73470d7f7a669c1a60c,49673847084582000000
0x3848aa1bf1d7dd2d270410edb18e7512c6bf2f93,11477094088459300000
0x38516154275f904c98d3d7f4c69f4f37ac205e68,564536559434236000000
0x385e9b440d86f3f1414544c2e188135626c5c809,5932516500018850000
0x3862972579a434be020b8d1a6df6c7c666b828fb,4947203996303810000
0x3866e91a3f821d92c4f3cea66e0584e775ee3f83,35112490662698300000
0x386b81e4c4e90cb4c558724ad5d8f5742bdecdd4,24306420489805700000
0x38734c9f145b2a62f37d96414c96da06966f468d,8180557200723770000
0x38a1340728bb1a3b61c8a7a52d4110d4f3a69c24,177028110269266000
0x38ad04190cc0c9e5d0508ef82b0b22507ca6d140,2199621255424230000000
0x38c19fda2d60b91f99d97825efbf6513704acf3a,1640217592195770000000
0x38e6240ee8b9ec0aa4320c839e1c6a2c1d992e6f,3126165976066660000
0x392f0e895fabf51aa100e1a3555ab91f9f7041b1,178144254097513000
0x39532351f8ed3f5f44c762f564d87e0e1fa885be,748722227366361000
0x39555642c14835f2ce46910753faa394efa9892a,101379757826382000000
0x395adc752d5137d8061d5152b39f42d34ca6abaf,503967513041081000000
0x395c6d3d468e0dfd470bb8679f59df36eea62fd7,30981609408263200000
0x398bcfd402c09a73c4df151375f482822f34933d,1241169051743900000
0x398c8ba044b43337920daadffa4570f4043201b4,1166143281882640000000
0x399191bc1ba7b831af44e64a263031406bce9d1e,504256674728892000000
0x399876e78336de3e0a33802f7053e10095567cc2,1394172423371840000
0x39ae1e1f2c95b8a567ea028889219765e87a7f50,26444063042448400000
0x39d9949576b2c884773a6b6cc8e4259f2d7f908c,3339817494210770000
0x39dd963ad091d1e41139635a01732d0075e6a5a1,14806606031564400000
0x39e00bad58c0073ea41b0de78a5a6a3111910ace,648876295099402000
0x39e8bee5fb6ba5f67433c42bd6a0b7233ee69999,35064675712178200000
0x39ec18525e3315454a3de071fdef7db62ba4bc59,5585417985325610000
0x39f2faf6186832fd85665ceff74c2fc2b0dab0cb,40844842176534100000
0x39f6e1a9d0c0bfddf54334401650973d4f2a5382,40197304389497200000
0x39f74935b8539c0d291c21fb5a022c723580f830,5989777818930890000
0x3a002c5821c0293954ceea80a35d845f4b9afd40,2799424309298970000
0x3a381f4c0936acdb333e6780457df34ea432a0d2,8872085764194590000
0x3a51c9cfc601e6192d24a33dfff394ee8daaa144,2941939820862960000
0x3a5d30dc180dd506f4006f944d5dad431f90017d,22741430753947400000
0x3a632a25eef64f495704c86c20cd882ca544e60c,3614521097630710000
0x3a7356978537d9ed06f33210c0d73135a475cb46,18260457313199000000
0x3a86f981bff1987b27242d1dd019727c68c1cc47,9800440023081330000
0x3ae032cbab36537890e89688dfbf8a65fccfcf5c,243309081542024000000
0x3ae7111665b2790db4c4e326fb2f707e2557de1f,1290900392010970000
0x3ae85998c25fd1673bfa3906be2cc6a0f1efa195,361672038043756000000
0x3b104d633639841ea5605bae1467ab21208c4282,7667042917796060000
0x3b2788d50ac3da591f2c21d40412543658d23518,4001791215234000000
0x3b30dc444b1312917052ac9e49a44dbc855276da,8597315506312540000
0x3b7232fcccb2988b358b20f2fdb499fc5e1fb0a9,432244790258397000000
0x3bb1adcd1556e26b44049347d801aafcf31d0c08,13588007185188400000
0x3bc29ca7ff3bb9a205a766d31c1cdd6917202734,2868483943079730000
0x3bc68932eea2b4bad5994f276b2e262cc564d3fd,1013369805032120000
0x3be292754ca109745feeb31cf5a307cfcfec876b,3491724736168430000
0x3be7972308653c68ec794f7f2cc521ff82dc5242,174121041657838000000
0x3bea636d4742abdf59db63da369dd807561712ee,1703988517454480000
0x3beb3b012a8ae18c36212a527596ad63b9e00c98,64438947259380500000
0x3bf76665b8f364b285b391bb9fcf17dd10d2f427,13950465890501600000
0x3bfbdd05f0fb792665ea6980adfca5f33fa0f9bd,23335915056895000000
0x3c1f490ff7ac7133f827eca62ed6122653fd7018,27583743609805800
0x3c258c12e05b9d49b81d01cfda68a36f9635f3f1,19986855861458800000
0x3c28175650618cea32079b96be6e66b1e8b70aaa,4642011972983610000
0x3c3859ec7c4eda631dab9882b3dbc438825ee9e0,27831196112753800000
0x3c4886808fdf4c629833435bcba5967eaa9dbb13,4853785473961230000
0x3c9102fcf7d5b7edf2814d728a28fe400c617f17,1115337938697480000
0x3cba8932f4718636c9522670c56f5fbbf943a506,3201
0x3cc134ee094ab478244a3f990d2f933b2fc8bb61,129090039201097000
0x3cc75a5c018df322f270b868460ee3bff2118983,9736564536621240000
0x3cf69412d27d1cc4beafee59db5dd5b3c70400e5,1246166488358050000
0x3cff9652c9030d13051bc1996f8dac25ded4b4da,2313293502483650000
0x3d11f69dd7e1cac2317f3f9186aa5911f4bb00ac,2270287380044000000
0x3d17fc86d2481919bca4d9c2c2435d60f9c2a7eb,3710667358827680000
0x3db74e2d5c7c456bebe514fe78fe6a948549d685,141999043121206000000
0x3dbe81dc8c9ff0cdeb128c5c4303d69362245147,5079262589854330000
0x3de1f5540174c4dae2930f6ec638acb8aece2204,57029087702166400000
0x3de8367adb171d1f4b59c5a7cdd4f2efe2942a35,8519942587272380000
0x3de9bfeeafcd62bf094d9991f79e93bf40836c9c,4746073690618260000
0x3df844961fd97caee15aee528d318535bc1b4bf6,129115615363999000000
0x3e07d3ea58525c9a3e8fef87fd3b7aaa6dcbcb5c,4492333364198160000
0x3e07df76bcda0f20514cae0350e123812438a998,6692910617433440000
0x3e0aa189d6f802e77cacdb8fd14df75c3db9dca1,475051344260036000
0x3e2eafbbf7b538188c2e49f383947d703fff00bd,125
0x3e399c3434ad4c7658e953766fa1acbe43fb13e6,743737492078166000
0x3e47e782156bd412de28cf9c66de07fdeb60faef,5114173997021440000
0x3e4ab291fd1b49b8530c7e1aab45ed3c5fac85f3,129090039201097000
0x3e53408fbb36bfd685888e19152f3fed18c55512,16062205945998000000
0x3e63ecd40fc796bb0ebc67352a2df5b2ceee9c80,11691609539081100000
0x3e700b9080778cd7eb22650e2cbf3c337210f365,453372121739650000000
0x3e72ed0830a8fffba8e2419de554e3aba90ec741,1290900392010970000
0x3e8714617202ab0899395c453aed5d50b5749e10,4299906444626450000
0x3e8acff977fb67220e06faddb8e04c2e1aef2a31,33767372454222900000
0x3e8b7942f67139345b2bcca60b3c8fce2819428b,3629661593178420000
0x3eae8e3f200ca9a30c63c6bdd739d5d57bc9ce27,36145210976307100000
0x3ec7faf79cfeffeb7fda159e9dd1b090b0070d5c,12853308157074400000
0x3ef3c8ca2f77debf576a6b4a4cca15980a45eda1,64046710991572800000
0x3f03fc746cda058b62279a795794ecad45aae724,50795335246545900000
0x3f10aa7b6c135e78bbbc572f139360362e063e3b,36145210976307100000
0x3f1a31fd3c0538dd5fecc9dda658dbdeb562b5a0,680403824169225000
0x3f1b55eeff9276aafa368980633b29bfb43c0007,64961777828995700000
0x3f1e282ae7ee431b7e20675c6aa95dab9b727866,475051344260036000
0x3f3fa4d15e3c2c38a5c771b8da9250c777c71961,6065143415743520000
0x3f516d830a9c18c6c8e77b097316f407dd1bd9fa,23526112385915500000
0x3f8a85ab7c42fc394c1c5f4465f2026d45c52cdc,645450196005483000
0x3f9cb9a38f26ee58de78a25f8e011e582dbacdbd,40543989001252900000
0x3f9e3ef417334d21b902502e88fe12db6c5a4c13,810343913324927000000
0x3fdfb770b71d02f5905d0ee4efceba4e0592930f,2410430951728360000
0x3fe786ead512737f8acaf489e645d4ea5378f8d5,884384011952991000
0x3fe9b3a4180c2e8c876f050be94c92632392263d,9642106257323940000
0x3feeee369a581f260c5cff186d8843fd7baea021,33250796348000900000
0x3ff642fcd73381b9d6d65a9b3679a3d7c529b40c,463817184642641000000
0x4003ec66153c090ed649ce822e30caba11727527,9450468751296620000
0x400e05172f576ef22fe0c70d28c197e5fb89a64c,37015720162185100000
0x4035fed042b0069174b5c5452ffa10e638178443,527420483706691000000
0x403ad49a15edd528923cef69c6d252208ab6549b,3573212285086360000
0x40498b0dc1fb800219afec728c4a10ac93276730,68564330519192000000
0x404e0d948c27b34db42365ff2c26b27bd9628bf7,422997076852585000000
0x406cbb7824d6824d5fd30227ec02ffa2d2970ae2,356226348144607000000
0x40747ad80ab6a9d6fe222d531660549ba0296e22,99442819844722700000
0x407b729dac9ede9f5d1f2ef6384aaad093419712,38
0x40932a4c4b12d4f7a77091e2c140e0a7f94e999e,9746448917217730000
0x4098ecd3d1682e9bbd925f49229bdb8594f42f6a,204478622094537000
0x4099fc07ca4fde95ef67c15fe034f12a03b4c49e,1077898085627320000000
0x409c245877928c8dceeb7228fac032e53ce33c12,2599354922231370000
0x409c8c9ea976ed4914f2e47618f74c5c53d9ce47,37538273882990300000
0x40a6369e84392ed21ce556239f78b56b28880b2b,36199603775512700000
0x40c1a7e7c2858389b9032438adfa497ab34a9ae0,1146835486227190000
0x40c27db976bd2638ee690d621d2eec7202dbbdc1,25740809784995900000
0x40c7a2ef710abbc699798e24b23a09c82013ad22,94169658061438100
0x40e7361fef10f39012aa701b33812765469486f2,100886680824411000000
0x4102968b5eae824d21f4aeaab30974d1c257f90b,3833974164272570000
0x41051aa6be8591f0becf8f8c3cbd3feb15b1571e,1722651288848640000
0x4121c2305b9894760a3e0bae2b5684f5cd768ff7,5711571263913080000
0x4126458e2d3ec5a4af3f9d1557924e292eadddb4,3614521097630710000
0x412d25207e74724be264165f42cce5b67af2948f,3708475299046650000
0x41320d3d256e4b9fc59aa6689a67c91c333851f7,89273610781941800000
0x413e9c80dd1d9beb06ee4c55442d8eed8074397d,16221799650021700000
0x41400f3a5e2bae822718e0ba4cd65de1270bbcb6,128984637017179000000
0x4145caa615753dba5c2cc831fd1b77a85cc32b5e,193325242707562000000
0x41526d476b02bb6ba04f1ffa40114ddf21272f2e,38933555823050700000
0x415ab9058ca9ce1dc1ba34d7966d71f85ef33ed2,2709264493394280000
0x415e5efb2052c6cb0b88545117a8a67b481f3f45,1217850997909730000
0x416e4807932412aa1f53ee4c0f7ea45a4771c00b,7975727717642290000
0x416f10c4b7ccedc5b0813f6851a2be13fc4bd8b8,864408396599115000000
0x418595ce6f6658f9f63585cb2f32261241bd7eff,25054742964733400000
0x41b18af506b68efa58f1ed6ca92c879bac5819b9,131142517818762000000
0x41b98e8a2a208be3ebb2c94a585ec8d1a6a0aade,1812424150383400000
0x41bc838b602fc0fa93d88ba8f9e901884b92078c,36294955421780300000
0x41ce33475d2fa561f787dbcaad4e732606f03433,16078746784235000000
0x41cfcec5e7b765500b00776a5a0b9f78914e9100,50099918771203800000
0x41de0ff7e391b304ed0033819e91046853e14656,11110096744392200000
0x41f72a5bfd78013e30d8ed4a3ada1bf021c789e9,11850465598660700000
0x41fe06dd98949ed42f203bc44c9f114d015f6aba,1187628360650090000
0x42429de5db805fe7d684332a118a7f871a2d1411,32922902826609000000
0x427160bbff3d90ae7164686441f414c9243a7030,3880796274201670000
0x4273c8eac63f38fbf6ea5b73a5eca218d43a2181,717802581176914000
0x427bb6b3499d2545887dfb929f126d6e60c03358,289161687810456000
0x427cadbc380834c84503423510d78e07827a8e93,3986155926588140000
0x4293bd3df03f61085a7c119fe54e95eda8220e94,345255957084744000000
0x42adceb3e5c2f6dfc33b84f0f22d8a1e502cafb5,2697375251868520000
0x42c632548a80274415ce6cdaff03863931570cdc,84014844440073700000
0x42c7bd8dce584effcd0af2086e3b04b658d85506,494098940370651000000
0x4302bec64b1c587576897f06e858850da51b2e76,5355812872527660000
0x431b5ddb0ace97ebc3d936403ea25831bad832b6,248588688489552000000
0x434d6501972b208ba6f7f394ec835773c2c29982,2211628204089880000
0x43531e5530f405a0f80fc4b9b46202bcdd1712b0,389020865194853000
0x436af8dfc3b0296f79eecc67a8af9342e83289fc,796732549984859000
0x436ddb682545a78028c67c661cc87b77e2ec7805,7084048263230740000
0x4374e011174527e3deda61d4643b7746c7d0b874,21433165760046000000
0x43a0dd279e3ac8989c53106e959334f6f8ff0043,1438229597442740000
0x43ac15ef091fb8737f0a57db7d22b4cfec366f35,131207115843995000000
0x43b6c9590615b4cbf639342f2114144e7c57c647,160071648609360000
0x43b971bacbea57820df880e7f40746a89f4f1d65,33900136839322000000
0x43df11674f07a607ce054685b4a4d8623cf3ff41,9723435713574480000
0x43ebb5151c0258d64ce44b51682a232883317599,194604653167897000000
0x44158fcb47b9ab5e4f022344c694a33eae441646,13631908139635800
0x4425488c66d3e607cc967d10a847131608ccd705,8971956742996080000
0x4435b94720bf6857c650a9e753975aa8b1613dbb,27392568721850600000
0x44392e10b6f672e00350f166e1e6573710ebaba1,389
0x444a52988a40355f6f55cef439bc2a5f816b2c00,850407180992775000000
0x44525940ed474b6a5f3ba0f7ea5190affd09e76d,1983339362285650000
0x4454e3d4040217f4db2c28cf32d084c820b78552,31463071764823400000
0x445bbe2828545e6bb2d93a9e126300f982014656,5144910674442700000
0x445bc422bb40947f96e46baf79ec8be850ef7f7e,559734409975955000000
0x445d03f84d0b4e50d7a76cf57d32650e25890019,84414075039051800000
0x448d0bef967c0ba9eee9d5660ed3acb6e45eca19,1276751934771020000
0x448dba9a7728251dcac914b380552187d19f9e4d,14602937493927700000
0x44990b25177da9716fa6dd1d9a4ff475ea977f16,2308640407024010000
0x450398fe0cac750a7f35bff298a87ee01a184355,74792670867387900000
0x4521ab720d810e3399cb2ed0c440ffc15a74a0a7,609890837939357000
0x452eef5b538e3fed4fca31326678a0a51e0e335d,29875342694346800000
0x4548f0acb17ec004322b427db78649b0878ba3f3,8468306571591940000
0x4574b835024f9b159a7fab6c64a03a1fe885fbf3,181794782477030000
0x457b84bd58672bdb385c9bb3e266978cd78c1514,13126758769819900000
0x45911d3a245b8060be613c35d2a84c8fec23f8e8,800358243046799000
0x45912e7beba956f5f0dc42831a10138d77c31d31,7729014998547010000
0x459b6ef18f6a44be23fae0b81d040eb0c804ac98,14539337986972500000
0x45b00be0db5dac2e7ea5f0f87be97ebc704d98de,3724752740978390000
0x45c155d926df6c2e66b0a3db407587d192affff6,8003582430467990000
0x45c42972c14c9539a639db2bb5d8ce3b1a1b2fff,51636015680438700
0x45d88e2b5b9b31c710cb85c67b73ec8874138a33,129090039201097000
0x45fe0fdb13835c1bf10cffb2fee05de72de25893,60
0x46147345f362d5bb277334f63fb9f9f342a4c8ed,89914455743931700000
0x46331427035a9320b573d095b46b59bc458da4a1,690
0x46390278e79ded34f8f73ebffde54ccbfda85c3e,523270861219023000
0x463db41cedfaa9e91a82877e4eec477aa7a38a23,7048316140379880000
0x4645933b006bb5c2cf1fd4ab3ad31a349196476d,6111667852356540000
0x4658ef26714ec392d68c7ffcb51b1493f1d5b494,180726054881535000000
0x4658ff36ee90620646bb25a7ecdf0450d5fc8ef8,5623162107599770000000
0x467cb75537b6ff2522a8519c0cb6314b902a3692,51636015680438700
0x46b5f78bbbabe4c8bbf293bb01751313b2262841,127085520648622000
0x46d99a967e5f96061537bf5d27c1e5fe2ba0ba4f,2135673897166320000
0x46e514d362d159e5a76b7bde24b27277f61f922a,182334516769981000
0x46ea402555c0c651bd4758a260c775c4d405c935,4396
0x46f3a244bca5cb3562208b0f499885dc5ca943ae,46303369665933300000
0x46f5c830f44777b04498c62ea02bf32c2a2aa454,321345571626112000
0x47029127581bc58ddc3b38107cad12bfcb129d2c,168963488954206000000
0x4747746ba40041d3d5833cbdec4026dc14e4b0bf,5700616131120430000
0x474f92eb6e3e447a7fb27c01d0625dcf4cbb8646,1213163508357250000000
0x4754569e50baa9ce6a53e661058e1d4622f76313,2298823390637819000000
0x475923f47a4a351b5612f798cb530c83308838c9,180645851303825000
0x478791cd027b6ee9317d7e63d4bfa5765bd0852c,7516815067246280000
0x4789aa0649b0ee6bc5b593dbdec63cc5789242e3,1488149971910240000
0x47d49f4b9e610089948196fbdd51d76e1585e785,102089310825912000000
0x47d86aa89ed3607a1cb2d5699983842a17e791c0,229923301541387000000
0x47ddf0a584aa00445a75fbc8c81343a0254459b5,3108600858719620000
0x47e287b1c802d363f22f403fee8350b9daa636f9,713076031702742000000
0x47e5e7667e81162227717b71a708a86d68a846c7,710330732199688000
0x47ecbbaa1d0a38bd6c25f79fc5d88d7758be234a,6546814424473260000
0x47f8f512b0b139be967cde643918ad8e4b17dbce,743439050092618000000
0x48037c97d52d4c94d015c8feb0558995ae23bd21,3412163230834350000
0x4825de1b75dd77f3d567faea2c8f991be8e46d3b,606082448819548000
0x4829ffbfc3effa1509ef798ef48ea3a82f1d3b0b,958121410158466000
0x48301bba9e5a89f25e0e601fe25c40d9094b2be6,18072605488153500000
0x485a2a216ffc1bc0bd8b75dcddb3894c44fa39e2,122456876626787000000
0x485abd0b6300f81f4653290a73229ca13304fa46,2681311098609320000
0x486309d2e876ed0ffa5978613a0aae997829f413,82191771396156300000
0x48630fe1023314b65f2f4dde3d138e43f521e5af,1280573188874880000
0x487e9124ffcb0d89f78b0e91226f52c310f17f2b,3642026923948600000
0x48c2e1521cf1b7dcdf7fcd9f01ecd36e2947d333,1549080470413160000
0x48de8cd7f7fae1630be0c909ad29744ed039f2a1,503967513041081000000
0x48eb44a389f5cb42175b741b8b86a539771aba86,190667743524553000000
0x48f60a13b92739073d062dfad92d251f93995b7f,517982156304643000
0x48f78b8063885716e3746388ba1821061a996140,4241952713524120000
0x49018216233eebe3b0ee696859539e8413118c37,240315402354127000
0x49122628c77966393e434cb7fa2a041ebd1a3c71,3621130507637800000
0x491ede72128ee4f0565d40bd13f121e0f4e2c107,195
0x49480c1a0d1217fee6a4df6dec5d7c2b657715ca,960429891656159000
0x49487a5551deb25c88e107cc73e3cb00c2f0aea3,538460371515614000
0x494ddccdb1e125683da4c9a78dc6c2efd1895bd8,344178911018534000
0x499d40960a6df8b620562a2d74306b6232505aab,4977784625915200000
0x49a487d0be02e553fd6aecb21ece3c0b7a59dbb7,1820617798699590000
0x49b539489b7e3da4b437fa608bd89d25aea82e00,1159273597347250000
0x49bf21c5035735ed6e2debc9d5478a4c2efab072,220918335536916000000
0x49f83bd87b112ce05e34bb309d08791db17205c6,39123552690335200000
0x4a177cc32e4fa3a9a832225433fe8ecbe78122f6,130295259642147574900000
0x4a1ba3f7bec6dbce47bac2982c4d2bc185433d7e,63808299521111300000
0x4a23ff1dd42e87d7994e3708e96049cd90acf9b8,30071184237154400000
0x4a24c653ee81d9ba23901705277bbf3c11c54d4f,37125319408696600000
0x4a2c8e6804c4d4ca2524b455dff598e80c9e3b48,276231126113816000000
0x4a32007040567190bed4fa6ff3f5a03c0d47c9d7,814530101259445000000
0x4a45b02b25111157833a09afdc9252e01686ceea,1600716486093600000
0x4a993aff7854e01033e1b124ccac4a8d669ace2a,1905368978608190000
0x4abf36cfe4d3385c4670178ab2a5ea9b5314099b,82144439501742200000
0x4ad5142732815b5e86860c1e68a3a7aee7e23b09,13353074112540600000
0x4b0ad6b4db4c4e42ea53549003f91ecc564eb0c7,1161367717952910000
0x4b37abfb1e7fe9aa8e5969f7572a7bb2998947fe,527315775678844000000
0x4b47ffe690fbd74fee9c2e58cc86192a31065ebc,23
0x4b4bc0ae86f66b778ed07bc40fa5671fbc7776b3,393009131906478000
0x4b6910654f598814606cd9b9e59c515b54168620,14128130250324800000
0x4b75311f29cf3c07f01efc2387776537f0b2ea44,813258531659513000
0x4b995496d23e020e07519753167fc8590cdbd672,3243103451579460000
0x4b9ad0277fc290e48783315db1ce78ed513dd5d9,49058457790063400000
0x4ba52d7ad7d86738a114ae1d30cfb2fe46558489,1611108512912090000
0x4bb243c76eb4313cd0afa43d7c792077038092ce,11823823601608100000
0x4bbe0fd0bdec55e074c5e6ea9f4f627aff31e93a,10603755033897000000
0x4bc42ee2fb8e805aeba646c3f472e6867fb5e713,151264093414747000000
0x4bd3a0745b3787fc2672ccd052c2d555e446f184,1985961881029470000
0x4be92a5b6d76a55b5fd398719fd00011e918ff13,1339207272767100000000
0x4bf48297908105204751bccde20be0b03cdd60a0,44813315313524600000
0x4c15c890b6a2547a687492a5a0392c7e51fefb22,59372614028187500000
0x4c1ca681f090a42af7fddef4262349dd2ad43e42,47976715677265700000
0x4c3b74a506951577949c2eeca13df78710a446de,186781340648501000000
0x4c4f337b64c0c063c04ca39a96f94933f03ddb2c,1187628360650090000
0x4c612616aa8e3afe48972976226ec2b53d53ae86,903634386207383000
0x4c91d2d1c660bbeb20ae13155a95ce03cbc00d1a,1180376082247770000
0x4c9b6e9224b47afe2aebdfbc6cc908f4e1eb9c0a,2690960699049030000000
0x4cad0a87fad78e47133dcb2611c5273f57cefc3e,13918858537925500000
0x4cad2d2ca48fd96862a9b9af11e81f534381a6f5,1350413164300890000
0x4cb240ba4756bef82a8d86ed60aa79c4e7c9ac58,3614521097630710000
0x4cbd0697098543613040a18ebdba786476eb6b14,1807260548815350000
0x4cc90528ae039d594a5aaa7f09daa320b1e61b6d,149744445473272000
0x4cefe9c52c380b73f4461da4d2a3a3c37022e2ee,17576899737621300000
0x4cfc8192955a74f80fb0afd37f892e8dcaa04933,258180078402193000000
0x4d40e2541f943e48ec81dcce70647386b0e89132,52993741647385100000
0x4d4995e8c9228b3a36a2ac7440fdb2e77b322622,231742438373809000
0x4d4caecdfce7bf80fb3717c2ee8a96a759c21315,335190480349220000
0x4d58ef463641dbf348dae391ca8ee91a62c5e1ca,15591494934708500000
0x4d61af539f8baf6bcc1db47060a0bfe80e3f93e6,26361491397476300000
0x4d6e32ca0fa631482c9aed14c7e6951e097f8404,67709034493665100000
0x4d865a198984c636410d1f367fe3197904dd79b6,47982767571047600
0x4d86a703d686f0b55ac3d584eca29be70ad8f6ec,3207410431675650000
0x4d88ae3f375137eaa6030cef099294b0d10933ab,253695136422531000000
0x4d91263b5a00aa89998e08749ea700f822515c3d,12407214625313100000
0x4d9923547635686384695e4bc6745ae2be7e8f77,4214325055774680000
0x4da6dc8c12ee4cb02df7b346fe8d2729636a237c,903630274407677000
0x4dab6a88b11a4bd6eae8cc965db2140739c0c548,752669945874236000000
0x4db4b435b6174dee4745891a5ad91f4ae9f2c97f,19105325801762300000
0x4de4ef28db8893c16dea9e791e7af50e68918a0e,32123416816940900000
0x4df13013a2b13961f114a211fb17058a474636dc,1308
0x4dfcf1e63062becad88a6c5dbb72c82c3fbb2721,9675866434294680000
0x4dfd01933c8af1151d208a897b97926a2a47867e,145312009887263000000
0x4e132ac3baf0c9df73a9157cd4606d068390ecdc,2892
0x4e15ac6d5f8a6b5c5a84436955c9f38f4195bf61,5577484026821420000
0x4e22d075361767efa9eacb1f7187af8fab12628f,171737749871837000000
0x4e43d53277fb323e2aac0124e15c55d706dba040,5302539276681620000
0x4e450ac74d0a2aab2f93997ba3270b1b91a28f11,185572695039208000000
0x4e45f687e71a4a87066146c9af53e365c530fc2c,2011315868611100000
0x4e49f3814de088ad970b3c6a6dac28c8a067e2fb,7364470056847230000
0x4e62e484a415264072bdd4d2c1fb0406a4e79657,131978990184265000000
0x4e631ec5e991edd899459af90d46fd7a3b46710f,3219115949831500000
0x4e6f47a7cc59f3dd59afa293ee6b46d14f6e6d7b,1615276304341990000
0x4e7a35e672256f854d4e0a8851cd7965b8b53d67,511196555236343000
0x4e87762cbc1627952a00ccfe9e9bfc8c3c2fa5de,14363488636947000000
0x4e93c6ed4dba442859794d5141959935241ca045,272441692523930000
0x4ea80c0f2fbf02a011530cef7fd0aa024b345290,296
0x4eac14ff9e35560cdc8fb9347726a01b39c43aff,124925787588130000000
0x4ebcea83e815021c5bc7a13baa4a46331975ca50,8230264539305120000
0x4ee68c5565ab1e2d1db8ad1499c7dad07dcfb5e4,28485020090851500000
0x4f1171110e0436529e9d9306d7bd25dade527457,297242985336140000000
0x4f11c969f1530561e4daf8710bf27cd9e2778f56,87355638966618500000
0x4f128574ecb9839a9b490580c6c46846eb8b2bbf,18840344438270300000
0x4f239a52df4f4778897711203c4ea87469d2af89,10460169040084012639000
0x4f256d98ffe70362da43b2ee407891679fa7e77e,112773058246078000000
0x4f27f4c6e66718676c0ab646aaece16dc38e5a9c,86529576083815900000
0x4f327fe9d11e89f482397273fe8a207ace7a8411,3304584455634980000
0x4f428525b96c7e8fb0b8f7e3e7064743d0b3c661,212180971914308000000
0x4f5ea134fd2d445e446a418abc679425371bdf90,964342135912133000
0x4f5ea307a5f2ae2b213b0f38b6baf39c53ec9fd1,5427366910260040000
0x4f66b17a1e1da5ace2e6bb307992f4dbabae3959,3699895757876840000
0x4f6ccca58bf222f1edec87757a302c0ba14e6b1f,273670883106325000
0x4f750503c11563d6e1e6431700b2a40f8ce9a7a3,5057787812957710000
0x4f8b4ceab0081ce6f0fd3449bd948f917099649b,1366526108176140000
0x4f9476a750aa3debcd3e72340a53c590aea288a4,50814634973196000000
0x4fb36692c7066c2b46e48958f9eebea8d6d8ef8f,19518413927205800000
0x4fcd4fd4c1b8d8809c12abfa6e081b199a57a6bf,1087144674135960000
0x4fd1553713a551283d6533eeecce37e0bc684460,170398851745448000000
0x4fda03dd0e4eaf958f48862e1e8019e02c064d9f,23506990650177100000
0x4fdb6cb4cc65c7cc24a928f1aca37807f589f8b6,3614521097630710000
0x4fdf422aece95ae4bc05f24bbff03038da6bc823,3201432972187200000
0x4fed422ab6b4a9ac2bdaa9b86b7e356a7832d611,130002855182426000
0x4ffbdac8f9f4759a420cd392e9b5bc919ff45f81,178144254097513000
0x50072aa47d80a291b57607aa3f458007a41312d4,155538246072393000000
0x50250bbe7eed8f679b184f53a8f7d9a73a29474e,30981609408263200000
0x50375458daeb8ad0a3022fcc56f40c8ea93d9117,16005590140092200000
0x503820442505327b2388fb6808f1dfc503cfde12,6714840806714420000
0x5039b7c1b929cb5c9da62c2b45574a47463e406a,2581800784021930000
0x50693e63a0abb825b1ba99564954d45b6e45a632,1887645879937570000000
0x5072d9e034b97d32af8f14176f3abe111ac39ffe,45305440158016900000
0x507382fec4da4aa326b46df753bb836920500585,5881695012157660000
0x50755c470b12593f9a552d56abe097200b4ff76b,7882222073224160000
0x507c28eb3806cf36fc8336f7bfcc5428f518706a,3409114516799150000
0x5085246b958763ef49cd2134cee105386db79342,3758069246638400000
0x509ab85bd9efadfa3dea8f2305f5d8cbc8c70b1b,30778729643679100000
0x50a4c42b49f430b6b7e4779d7495b49fc5761cf8,340797703490895000
0x50b4300644f525540975c9f1acae4404d0451b18,1533589665709030000
0x50c26556fafb9d86f671071837d507209d0abaf8,16967594752592100000
0x50cffceb3405090127d85aa9eb04d4ea12a3d9ea,325306898786764000
0x50e20d00f4d6d0203a3a4c50eac893fa8c1097bb,16007164860936000000
0x50e3dbe9a80e61f33963523116517cd7b172a73b,8814303992633190000
0x51025035dfecde3754595162cc8ff75a2cc0ea7f,61343586628361100
0x510b900f7c34b9b259e36f9c7cf63166bad15301,40895724418907400
0x511bd1dd6c984b824c44349f0b24657d55a33821,511196555236343000
0x512355e6ed4497509c4dea0e2dca6dfd0bfa494e,3079078095991000000
0x513db75af7e4a710ef67bcc593b586426f21efd5,516360156804387000
0x5146b4078418a30730aa6627ae5af69eb8b675fe,2050629519372900000000
0x515390458a0822d94c50c66e60a401f84b01072f,2971821989205790000
0x515f24428dfdbf7da062ca7f1f7aae27c4f9e00a,20138046115371100000
0x516a84c75a73a0e99fc0a87a28a9cf879f246de3,203160567879667000000
0x51aac2e17f97bb9f98d7bea8ad202fe3c7035e7e,309816094082632000
0x51ad60777e4bcce79a410a76454671af38637d3d,36145210976307100000
0x51ba6a3a23507a0c05c373c95b076ab3d3b50144,2994888909465440000
0x51bae886bac73a8b2b8d71dc9090573ddb6f0760,20103939853013200000
0x51c209099d392939e4686098f36cf98ac50d1135,3485431058429610000
0x51cabf7d215c566c93939f261ae35a69c5465fa9,4473454881572330000
0x51dc722a2f6241eced0db952ea6054d58e1784e5,173491921213897000000
0x51e1d29ded3e44f0f6266da4bc7f9167374ebf67,3652731749234230000
0x52019a933cb2bead77c72043b868317205cd5f7e,224616668209908000
0x520450d407acaad269931a65d30aab3de324458a,2851761934516670000
0x520cdf15facabb1952e5f76522aa6b208d809b5e,28858289211127300000
0x52288335eeb0975a03256b1eaca8b2f6ed7f8aeb,29883801469016800000
0x522cfb2c4ac7cd7ada39db6b6afd7af543ef0342,63015407201981700000
0x522fb4058b0bb43ccd1e40a80a1c03ec26a71825,11305868520360900000
0x523633dcdadae78255aaf0adfca83c0c6dacad79,40830114645747000000
0x523df56481b1f7791492735abe170f3e9bd63a59,51636015680438700
0x523fb6a39d873569b9d0ef60ac98da8cf31f9e16,511196555236343000
0x52412203bc64e79e7b15c0fbe58b31a82c338757,283353470053679000
0x524e20dbbfd6f0949ec3ac600aa6a382d25016af,2824977952340700000
0x5262b174582323812bc6976412281911b77d4d4a,24468515092670700000
0x52879767bbb0b12928e2a2389aefdb64b0772ffe,8543178794328580000
0x52cd05ca093c19088225843b237ad2c89c51eba1,1216664705314340000
0x52f636188b195164110dc238d9e810a18ae1f088,1063565194907000000
0x5337e7e2e123a95ff4200ce7f32c8008882f50d3,299488890946544000
0x535a521401a24846187c3af03a67c03b48025832,480214945828079000
0x535c27b49907fb4b0ee445ed9a5242fcfdc0c8f5,40441165817339500000
0x53b9d3e36f8cb068d1b1e1581c8f51a85f6b0ac0,13174929400863900000
0x53bdb8b56dc69c1cf4aea0e333354ae2fcb8f1d2,1105010735561390000
0x53c96c0abff344e117433b93244ab52e8a171721,11049554494391500000
0x53d183e33ec1df2e108bfc2c31d29dfd63a13d6c,511196555236343000
0x53d92b47b8e16966aa65627d39c48bf717602391,53143502585375500000
0x53ef3834b7d3453923ee18b8482d8d2f4e4233b5,222034867425886000
0x5410120618e3c843cbe59e9c7189fcef9f5e766c,1592986723417920000
0x541becfe06725cede767eea21a2b194abbe0dce6,129090039201097000
0x545a188f57e30397736fc56931fc187dbfcec139,5164734738158320000
0x547edda4b92226df9837bf20c0bf7f7628c19c3e,10086999997226500000
0x54881c1b56e0e7a62a3f0752180036976435b891,91034295644613400000
0x54938dd6a14b8464b03f43e01b1bd48fb1f50a92,139417242337184000
0x5498104a55f4c4d28fd850f89bad7a9a1f0caa5a,42535988990041500000
0x549b69005c45b0d391bae74713cf7a8b09a8dd17,1497444454732720000
0x54b081e38113bca9529c0335625549c90a49d887,47645890985004700000
0x54d0afd5884b7e22acf78d0ddde2d44617ee5778,1825779396688750000
0x54dd92e18a1360755da79e7a8383a38ed39f5229,54313239821438000000
0x54df52fb3620dc2f248dd6c980e72986c25e15bc,60874150753842200000
0x54eb06d990dd42aca18cfd05c2736adf2299a412,3621453642103200000
0x54f106ab937295392e7a39ac28d88a2eb07e7510,512183041847023000
0x5518c0395d883609f3ce3b7af5cda537d6bdd6f6,4515363027191640000
0x553f022201fa7c88e6cc10d1c688b157d6fa7775,88312543013654500000
0x5541cb4f54c7fa54a7e20143f80ef28227ecd06a,4253402718655630000
0x55594fddf036e429666977c231838c7789255f20,1475654056115580000
0x55638e7ee2a8f38fcbbe11aea82d7bd8271013f3,2891149213288980000
0x55730cce7e5a527408311db21cfc60ff42726900,4310051850682370000
0x55a1185fbbb992ea2c016f3130186b9144ed3503,75595126956162200000
0x55c38f65f33e76b776af272668e91ab1ba896fe0,12759164843620800000
0x55c46c8831da3232dd30188d535ca72b334ab2f2,40895724418907400
0x55d9a171ffc88f39d45fffd6893a2207493699a2,421149368599445000
0x55ed66e5e8371c66bc710a4fee4e8e7bf2d825fd,1284786519739026000000
0x55f1bd6ae70ccf596332d7c0351c3c3a2a00c9f6,14432266382682600000
0x560e091f5d4237b8a66089ad6b284fc488409aa6,7976056796805290000
0x56338c3303265ee9077acb98cb7731cb4ea51340,5189419575884080000
0x5644ef347d0382f98773ff8db9cdcf57beeca501,13900437781223600000
0x564a542a0446f6a60a477fbb3194acbca6c46265,31071441669279300000
0x564b6679d6ca18037663cf92bf7862d3695039ee,18237268133378200000
0x564ec007063805350818bfd02be23e1830a5a38c,48753064919384500000
0x565d380416a2889b817c6eb493f6deef029212aa,15164703853871200000
0x56785b3835d09f96b7c2f00bc700c31210647a5d,171572293343805000000
0x567dcf167e71b23988f7d6a9949c99bb9d7403da,267
0x5680a1667f147ba186ed73cab55154b31efc0976,178144254097513000
0x56949befacc4fda5cfcd3a5f05b254d609080faf,95995814671675500000
0x56a6bff6dc3f7c3d6ddf818afd4f420b8efd2fc7,21937072438045300000
0x56ad8a26852baeb6ab300ae92330bb9aa0189868,12860242963399000000
0x56da1459c910926be1609d7eb54523ce0f6c5ab1,4153478400074630000
0x56e56bea311217474f8b9c0f06999707eeafdfb6,125095964748682000000
0x570f99edacfbfb588ce6196115db9a24f53bdbf0,920338281406857000
0x57137a1e256ad79c3fb4e5d46f7da1ead170568e,28474302253659300000
0x5734e9ad41258babc3e1f4700763a18d83deedaa,28451341219389000000
0x573ff4f708ff9a9744a70befbfe5059184b21b32,2005705071771190000
0x5753cc4ab7007b6101aeb15b0a400dca89dd7634,10869522048824500000
0x57891375a601813c27ef8dd3c43d476c927bdddd,1893763250627950000
0x579b1c39c8dac55b8121f456c853a88185f93feb,166476328980821000000
0x57c639a1db5056770aa975abd6a3e79974b94f15,4853785473961230000
0x57c8b2eb1663290fafc94c9bfc913d6c241d291a,31481599545221400000
0x57c8f06ef727d01ead84327d385514cf9dbc2a1d,29735757632622400000
0x57e12eab9a33ffc04ee8ea826f2c33d6aaddd690,214702553199264000
0x57eba527bc347ec0082ded43c56be627a6aac9c7,1822602192113840000
0x57f0728501dbc350d1a027fb61b2e7e11098052c,2581800784021930000
0x57fd996c43726e08b5db21b5541bdb30818fdd88,707361185926451000
0x57fdfc8962e9ed343946be36f2cbc1e648ca8e81,24105241200099200000
0x580068111bdca415eb23739babc3e3e955698e66,6238169008390820000
0x58039818b69dda1648d233d0329d9105fcdc7f5d,39893845438593000000
0x580ab4b17b39f424d99d8f74d586f7cd1164b9c7,33939940646929800000
0x581ea42c3ec995d9adb6f4239db2218b95fc8570,191053258017623000
0x5830c7a9c94af52197163ad956f6b746ce95ff21,139417242337184000
0x583681de66498f9ebe611a37c0f53d26fce8669f,219018375416482000000
0x58505f7daf2ff60176539b11e9bae9e2efb4a806,162812319319501000000
0x585dd06add065989b839f98ad51b0ac06f2e7668,272090571226140000000
0x5882aa5d97391af0889dd4d16c3194e96a7abe00,7675928696025290000
0x588429615d8c2ad904ebef114c68f6fe95da06c8,327358198864593000000
0x58971a766b87abe63f89799ae96f0ad80ec88038,4853785473961230000
0x58a7b9371c72fe29d56fec138e9c1f66474d5dcc,19902351251849600000
0x58b33cb0ac150877da44a700bdc52ce32e1010c2,475051344260036000
0x58e4dca63743e18e9c5ee114b04678b0ddbb88cf,6887032216823340000
0x58f1618c74297fdd38fa323e7236aa6450f1460b,129090039201097000
0x58f9338d03849a06b41d4a4982d498489c375207,16075995669838000000
0x58fd501898db91e8cbd392a468af044a23de5010,19936665654217400000
0x5908d67d93f8a53e1050b314aa572c1d11b4a067,2248603646489460000
0x5909947bace5eb03280f3b9d198ce9db26d94492,80059774421021100000
0x590d8b25c6e21caf757b0a01078e7eab8e9b8cbd,4407728285545080000
0x5919e30d3fbfcc9e124fd45c578aefa85fddce2c,5111965552363430000
0x5921c5a62ceb7f9210174278b8fe6ade6bc5d497,850624873296342000000
0x5921e5a15631692eec49bf060f24972290346041,550309176187752000
0x594148ebb6d27862be8b392ce6c31dfff89d3f4f,26327481475716300000
0x596028e621b776d43cb52b2a5ad21e0f61865c25,178144254097513000
0x596af62d415ca7f4523f0ae5d6348346d848f453,4943789698754220000
0x59903bb27c82cacf7cf15d117ef79189fc10e6f2,22967057706740300000
0x59a1689382a76ea688703d753ece05ac90d65e54,1497444454732720000
0x59acdc8afa316c45a42008f0f5e10d886c816c61,1600716486093600000
0x59bc4f3091e7ae2d4c96863f078681d7613e1c8d,27843336882127600000
0x59be44e9489674267224cb24f1a12bc6bb099d92,82206064404970600000
0x59c959a239fdd84c9a8750b1c81897c40f0c8814,344
0x59d1d526dde08e4ab13a7fb6a44c17cd3a031b2c,8853188765419180000
0x5a06d25e3b773dc26ae7979fe95e929e30e9ac74,103272031360877000000
0x5a1606efbd4317f4ed6d089e108ee063d1107175,178144254097513000
0x5a1da96226f12eba1dbf6645d14021d0424ddf85,61190134541289600000
0x5a2d792b3862c737b8ea642fba0bab3303434291,26588743471553600000
0x5a5a3c9c4506380bd4d3d630355df7b220576026,58146508190725500000
0x5a60e62f076fba62e71cc095e40e25ed5592844f,1154
0x5a880ed3d970ed1f5c5d9c8153dc23b5d1015c87,2332192284222690000
0x5aad2e13496fc1e9713175ae902dacfe08abd591,1620093320188650000
0x5abc4e48876ceda9b784865bd4b543f1d9f532e8,7229042195261410000
0x5abdaf3fe75b5a9f3a662698e307589816f3efff,2039792913746040000
0x5ac0c9bc9081b6e44103121d91241094cc26bd68,27289399343240500000
0x5ac36cf9aa7ff4adcfdb4a62a8620063424bf20a,1216625275204620000
0x5ad3fecbf6d474a59d1df71467a4dd59ea12fae7,427542652161887000
0x5ad482b2c0e6a988e69e607433ac8e480279500d,1359653281483140000
0x5ae9cc76306e06261af66a2f2b38e54cae7629ab,2506243463348260000
0x5b0c8083556fedb1f74fa408ca02cafdc74ba7dd,96501609929686400000
0x5b2015fd36459cf7be0b2e9e8ba6d02a04460f93,55463887774412500000
0x5b540e038c0c263268c8997543b8271dbfb87e33,507138006223809000
0x5b87f25d4d126db8ac91924177a7389db7ab5292,800446623885819000
0x5b92539d2de82a400b0d1e7e1707a3c9e5f7a737,399621033595853000
0x5bbccffbfd4022da6426d57cc98777e984184e50,3069368017512090000
0x5bc102d81db4306a712ff516bb18277d48d6d333,1214718539933260000
0x5be269848d5ec95607ddfe3d1320e762aaec9976,22242500836327500000
0x5bf57f8a9e1fdb554d65331cac55b1c9b24bba11,201059339353995000000
0x5bfe00e7382b2c25d051dd1842c9502877aa40a5,321744013704813000000
0x5c0960f6f429f45864cf7b1526c6e54ab017f12a,65809943300496600000
0x5c3aac3b13ae184ea1e8f35fc5d91c0cce331675,1485300112402280000
0x5c6a0f178d713bcf218e523f856a13984ba188ad,129090039201097000
0x5c7595f0038e424a37bd493c96aea874b387c67d,95010268852007100000
0x5c75ae7fd74c8914fee064e13084e934dd7819fd,409146143911584000
0x5c861c305730cedd3dc08ba350b2048eb4cee2ea,230572305669969000000
0x5ca1d8383e2592b21fe2318981ed230d1b2004f2,562316210759977000
0x5ca9940deb8ea0596a311d7637df6df6f540a93c,3144213878032230000
0x5cb5c0da4d0e1cece5873d756baf4f585674b855,155654413049725000000
0x5cde74e65c4b0b2911060787b5d9bc627c4f74c9,30701830296677200000
0x5ceaec228f992fd2524bcb9e9470fa57acb3e8eb,511196555236343000
0x5d2dde9ee7f56124c37138dcf812089204b2a295,234318840075665000000
0x5d62a0435ccbaa8e84631eb7d866752dd05cb36e,54477990172514700000
0x5d64060988be1384fd3fa11e0d5fd7cb16f276cd,21572494630973700000
0x5d6821966e2e48104f46014325587137800ff0d4,2985323996492010000
0x5d687603f0230518464d76a76529e0973434b5dd,159398227183660000000
0x5d711901ae480485220ef329ff5a5e69db1586c9,400601803143679000000
0x5d92fcabf327456bba33d64da8721c56a69b08d0,24480635034096000000
0x5d953f1ab8459067ebe517e2e98401be0f06b4c0,21245246049593100000
0x5d9741745d1072b69a1819f4a484e7db997e5361,307706856243060000
0x5d9bf1b79a2179bc1ca2fd429681533b9180ad47,164205584747220000000
0x5da14829849ca00c91059b016ca20f290c0aed79,19534454034981800000
0x5dad3c6766fdee4418c823b942e8a020ad8a8697,4954165888444010000
0x5dd4e31fd2f5c8224b2d84d507cb05ffd087e966,227198468993930000
0x5dde6a63f0ea2346a84154782a476ccad14e3fd1,516360156804387000
0x5e0ec5f1df12183382111ab444d96ecf93e69b78,512328416700058000000
0x5e1890579e500b89ece8d60f1ac2e0f54d7a3f88,224900666296151000000
0x5e1a7ad65de2602106cda50639d101a53cf11aa6,17938351847384400000
0x5e1ffdf8e97087a49e02ce99e000c5a0f15873b6,829228995460497000
0x5e214545b974853156ef1a90db241087ecef46e1,203012556296947000000
0x5e359240d5d76760856b1d1b4f4f8714fc4b1088,217490898046008000
0x5e4521bcbb18abbe5bbb591f69616b075d5a3bc6,2440875389239220000
0x5e8d41678353b0c5bf326389469a8032eef6fb32,1111476587951980000
0x5e9c3664533a1818e7192e2c2f7f0dd76ca5c792,16626839478037700000
0x5ea2fcdf0c0dbcdf200e8bd97091e8fae98ff333,172633332351153000000
0x5ea3d7445700fb7c97038cfc8362b6ac75ec8ecc,8674850634313690000
0x5ebbdfcb5c9247d3cf4039b0529da7cf7e71a8ac,92969835971668800000
0x5f055a81c42a52d7c4e16739659ed639834f8ee0,525058088780134000000
0x5f2fde9f738f6872b8cb2cb55e3d8ddce27f01ff,6736305852712440000
0x5f366af08830b21a1bfdac1d5e3f43e9fa51b468,15184418349225700000
0x5f384fb686ef460f2320c0ae515fca73e93c78f8,5111965552363430000
0x5f50646194f4a4d4aa6781583111147c433e1cef,26009858874679200000
0x5f64f11d933f9b397d01b1bdf01a43b577876404,97
0x5f78b0d1ef26302af619447ce5edad24d49e5352,2567247570608080000
0x5f9758b401ae93826b7f481ba4a98c1714d907b5,2635054576868700000
0x5fb716a4b09d42f5894f3a2c7d3da3ee1711c3f8,149744445473272000
0x5fd3725bd12b6ac4f158c4b4260387ed17549594,23730004408112600000
0x5fe3b59b77dd83c7f07a7ea04a3a462bcccf7047,1621956496720460000
0x600bd1648db0eeca37bad5e2ece979612a12ac66,431523381934024000
0x6018887da486cdfed5baeebfbd1fbbb34f94c7ac,175475338164768000000
0x6020b738b829a62629fceee0fc073e46f984b6e7,281748628119585000000
0x602eb75237a3d22bd7b684194abe5c84482ab3bd,227198468993930000
0x6046d412b45dace6c963c7c3c892ad951ec97e57,15577773655417900000
0x607a21f00849cd4be651975b7212fac5b183a67b,511196555236343000
0x6098d809123ef0b59d4e47a54d4d16688df2d07b,1156646751241830000
0x6099ced27a35f52b73b18732dbbd8988f3cbfbda,59331537641357200000
0x60a43f25e6c5f6662d980d05a21999181f3676ec,14664628453244600000
0x60a68d6d5dd85776290f3d53a1269655fb006327,388498907520910000000
0x60a8fcd6fa793efd926a3a21ee3a4298e98b6592,113851488542686000
0x60c7c59d12b406eb90d6523353684773deeb9876,2947805499950830000
0x60e7a0579b154956bb64f731076a5cf7602105d0,1828315161061620000
0x60e87605958995347415b1fa56ac9703b857d67e,2497403624880430000
0x60f60e6c05868ce886050002e1c1ce5892b742d6,3998783190129580000
0x60fe9efa276d7d30f8f46124910c15a5d5845b7a,5249463172437620000
0x610204f69f7affa02cb735035f91981225702f2e,28804197200042200000
0x610eae64dd8a4ed8734da1d34a65bcaa829ce041,232192354816105000000
0x611c07e04ca7d777316008797975f82b0507e06f,2873508007989200000
0x6127ff4aaf6d7d2181be75d0a038d41f19d4d23a,3642154758869980000
0x614d5b13ef469bd23b834e40093b065c5919481b,15042848187225600000
0x6156496741ce4dfd224080c9d3df65bc291062e4,2189530424813750000
0x61614771608a32696ccbc08bac4e45ecdaa6a5ff,222034867425886000
0x616699a3559595f03a4152206a0a9de3a8afd5b7,885613358740993000
0x6173e4f543e6e68ef5fe17cc73761e294f89999e,202821105991195000000
0x61866242da14c129568940110f802f0b3d2cc38b,93276104874937200000
0x618d714b8c737562d7bf09fd42d27f0662544894,2679521301656420000
0x61b7d69983e02d4965d6108dd9b620371501f678,5862281683596310000
0x61c32f096fab973780a35aaf4baf383eeb92c84f,291666034570958000000
0x61eb293fdec1893535aa85515616b3fc110491d8,454396937987860000
0x6205da9dc748336532f28e1e08a902d64787ab2c,3245991912653780000
0x62089f970f76aac70a3d39e5d99d6e891f641410,10399880792378900000
0x6227765dec53e4d32b959579b58adb2afd5dca42,49641855666485800000
0x6231adeec1ea6d673778fb1eb0512cca5a5ef7f7,105337471988095000000
0x62436096690c62145516ab6f7ccc3b818003f301,4608514399479150000
0x624b262fb94adff9354ed7f21f9690ec66da160f,1252302314338780000
0x625fb262d6e0772dd053e89d913d45d8d28ebc6e,6534753171888990000
0x62637483a5f291d6f2048b8f4ea2da0f0280ed65,4104757405230370000
0x6266a0f937ad1b0cfe1dfb49ffcfd22f7b9ae92f,4259971293636190000
0x627c55b3890eed762e7ebe44797c231120d16441,273670883106325000
0x62914c1bf570657c30a7958b38801a500b287a0f,1611766153462630000000
0x62b3006bbf1ab144c4c37c5c5056ff00e5f34b56,12
0x635871e6d442d010b5420bb9f2703028eb861b6d,9456420207907210000
0x636f86162c77da997693751da6ce5393b870eb06,1344088406049150000
0x637b66fdd5ea4bfcd05594a2d08b07d2696bc260,12388738394239600000
0x639d8be7ceb5bb31845d2dca180e52b5ef914690,2646712480850550000
0x63a136133cb93ec5b3fc1c0851d3ace888a02de7,5255720220017770000
0x63a1b6716d9b8a1f3534705ab742d1e8f33f32fd,743558625798317000
0x63aa198c1c026eec70fe9d19b562b9a65d36a4fe,1774986046514310000
0x63b8d12543bc5f654606c6eb6fcbbf4efbfddae6,838369202145872000
0x63bb872b4878324d5767767ede3f74717d9256c8,88717785218352800000
0x63dc55dfd84de26700f57a4982c67f8b7ab0f371,13680381211695934270000
0x63df24d857e434a5fd2d2dc4078a9c25f6aa40a3,2674745612246720000
0x63e7f6fe73fa76c0cc9f109a39a9f2237e8c1c47,33477747779857400000
0x64032e4a64a9befb044ae2158bce8c72e1359c7c,190484719508904000000
0x643160715516d45a376e655d24ebefdcbc1c1d40,784011245394611000
0x643c183008e89cc289dca521494b2ad6fe460b7a,43529966740454400000
0x64513302e42194fd657800d83a481b603a1647f2,2849068801183880000
0x64521b2f682de51a758c6a57e5783871cb2c42dd,4794070852201240000
0x6453a526dafa5788ad09cac4a5ec9044d3684de0,10844
0x6471fd0aff95c0b9cddbf0a8fbf27fed523c5db2,29516969959742500000
0x64873e7c1079df5a29e914a7d74d5ad5e193c9c2,528494620489290000000
0x64932e63b192259a7129463e5687157216fe1ea1,1486479144225110000
0x649760478d9ea798276f2869f1a46b012fc1849f,28789660542628600
0x64be5a47355763ba1a3df8d960edbed5f71968dd,3506253811929350000
0x64c75389938ed7ee32b2908104163c44388eb7c4,35429486228860200000
0x64f134642dc913f1cdeb34e9554e3005ec5ed187,1338886715964140000
0x64f6a84a4991e0b85446a53414f9acf9ba571f0d,295687815593684000
0x64fce2be21b2198c3408e659dd6efb508fd07a09,18423922209440100000
0x6517645d8ebe31d8a278f50365f1e8ff6e6e57e1,129090039201097000
0x651db8deebb1d63470dc369027a4c320d8aab357,5596583951705950000
0x652e867c288c4d787eef0d0d19ec73d23a4c932f,15096986928281000000
0x6542af89b3355f143a7301fa93dca5ec6531e3c9,367695813280715000000
0x6556751caf10474b9bd8b31ee4b0bb4420aaffb4,23805967820949200000
0x656e6abe0749aa264679c1f1a0d1348136451d61,1417263739046940000
0x657e9ff46cb41d0496c1382fa1dc225466cbb381,167
0x65b676bce584bbb48effa99b52dce5b9707d86bf,128573679044292000000
0x65bc1f0ffb1345dba84c1903cd2b01534ef1e70b,328245303766477000000
0x65bd2ee454e4eed9ce1f9a480c5de510e79df733,1275978073524540000
0x65cd9b11c9c374a83adbee8411df10b44e138935,69113774267953500000
0x65e28e2c500e2faced63b12a62adbe2c4436f568,2303792475598450000
0x6600b6fee47654dc3558e1b5618535e53882fcb7,103873594432826000000
0x66160c1adef072eb6b305d730fe0ed2f9a661655,747709240436025000
0x6645abecac93bae2235b58c4a0ee9687e6d76013,201794371576712000
0x66660ccc2136d24594f1fc34dd12a8a413890061,4224617647729620000
0x667fe7270ccd7e255988c51838ad824bc9315881,18545314560350500000
0x669121522aef644a79342007133d033c04cb39be,30293718032286000000
0x66a32f4d5183e99f658ed57ca7e60ca5b63d69f9,8782296342501380000
0x66a955ee001cbabda3ed8cd2a9a948fa40f33470,13554454116115100000
0x66b99ad466437868101dc9d50b52f3965f6aacc3,361452109763071000
0x66bfebc37eedc0a065c2ac04c251be392161c073,316632048152450000
0x66d0c966417ac63476579f3acb5d6d1c558e0396,744074985955121000
0x670b1824756bdf198a9d86dc69f1786c53868841,511196555236343000
0x670d27a421404c2ca54e3fd429b505296b9f464b,166318423703775000000
0x6714ff1981fe52937ac424fa3cd283510d882b16,5463859532709730000
0x671993e3190f696ceaa67aef02c10fed01a020da,1003732424808030000000
0x672ce5af0656740e9fa146b00fa289783f2c9148,582480074883188000000
0x673046f239a73db9c36ed3b9eb4f79894afb747d,1244212930397480000
0x6735d8455c0bdf9480a79488c7b8815e9f884969,1047196574313960000
0x6738d3d05a65be8b0db2947c9cad940054685baf,26614373885880200000
0x673b37941ab527e0eee13c1ff09298ef1911d7d6,20800598712113402000000
0x673f3066df7ce2f1d057611ac0b18b47a46abe8b,578323375620913000
0x6769c884d334c396810fe3ad72f40b1e151bf1ec,26246755842476562410000
0x67776b1b56401d903b9706b6d9073079b2587833,105807920227791000
0x677dffcc15e6f8182dcb8fdbb083ac7574750522,2545655573045630000
0x67bcdfcdfc4f4ff2d6688a23717480548016e98d,91153785422837400000
0x67c523ea5cdde4a463818c67d02ece8e35832008,31988511714031800
0x67d0c3526578ccdf1f0d1a454e297fabc3156b31,39284202637903000000
0x67d572c21f31f78a88e40c0d6332ae7a9688da0f,3038826225884550000
0x67ef612884195974149507aec86420f6f2e2093e,12931311377113500000
0x68657bc426c7f2147292035acdba03c0817a6dcf,34362849884368600000
0x68712bce7c3a2e0d8e6a541db75cc8bbb6042d0f,475827949935870000000
0x687ad77f1c00c295d5f78d316da9b88997f4eab7,69799294012127000000
0x6881fc865c51f5872cc2f4075d6207db5644530c,3996094429803520000
0x6884ef8dc0296521f03200676d5dcbd45a6d3b05,2040619408607360000
0x688f03d4692161469e511720d6f55e8c01e71085,65213379626439600000
0x689412b5700de8aff07aae43d905954051491a7b,40558541236514200000
0x68a73203209450650db89395269e17337dd01b8c,5373806317367650000
0x68b9170416f5a982ceed30ac3807062953cc24aa,383839666292210000000
0x68be27a199fb13e0594572efe50ac4a864254cc4,362195533863019000
0x68be625d2118decda37a480a4e5fffd57ba9b1c1,1394172423371840000
0x68c562911320fbea8dd87ce95e9ec5dd580743f2,19069326212950300000
0x68ec7cd34dd6cb4dfb01d98e84ddf4bef0325230,2327648314842810000
0x68edf87f2c356ccf7b94d8b9bd6b615ffc485a92,178092618081833000000
0x690f0bad4b03738b7912934ce8bb1cfbffa006ee,181765563824978000000
0x69326acd7c6d745a8fc27981dfff0835d7a61cb0,12888349513837500000
0x6932eaeb0478839c8898c885fd6ae16ef81eb0a5,18544747707101600000
0x6933401b34ee76223864e7fc431adb26a51a2758,9292595091901840000
0x69582311073a2a7cf176105cdd5d0ab8d52f9682,9668080859878310000
0x695926042c7ae9f7f14e86a51e3d01514a0f43e9,43145549181303800000
0x6960b72be1a95ca0341eec7c52a1442791dd38c6,533958091634263000
0x69716b6f1f107248fed1f41bdee073ca498edc46,201380461153711000
0x6984ea93cd419cc7b6d963906ac613b61375aba2,3382159027068730000
0x6998d42bb6b09a75c33b5d39b3da3f616765e2f0,17494257715894100000
0x69c17496d389f6f4478ca280afb11f2fd16e285a,185626597043483000000
0x69cf278bb57a7574cbf2bbca6ded48e0110a34f8,892994233908973000
0x69dcd9b805d27418234d68d5e011d4d9c6642bcd,3224157130622700000
0x69e4f2b1c4e37a4ddcafee0751e7762b4e4997d2,1749551240365280000
0x69fce9de9102ff7ec04b0fa7587e978a6a0c3af1,5171192104777840000
0x6a047ad518253db59afea69c7e18b9a2b3179035,18221317213313200000
0x6a089b00521427dadffc548a92a8d9937bcc788b,555603528721520000000
0x6a137ee563c2533ee932fbb14d9004c3e6e72198,8432690160988510000
0x6a21e5203d4230dbf161af444285cf36b85982dc,3861198594919490000
0x6a2b14a7194ae237828455d01a451c5c5bc429ef,3451867648237320000
0x6a3dfd506db3e92b2f16626ec8792ecdc3b86aac,28730144601653100000
0x6a56e58b81f5446cf567cbf1c3c673d73995e3c6,51749134580086300000
0x6a6bd1777cac6acc4f66b239b5bc6e96b642cfe3,3776885443953270000
0x6a837c0d0c20a25202982c0c489f83b6b70e8d61,41879577184226900000
0x6aa6e74b85e8439cc7f51657bed16212058e2405,68159540698179000
0x6abc650f6c543a7a802af6483c3e7a36e618ff99,15420948120318800000
0x6ac3fcc7315e8338b19aa2bf4354471c3076dc19,28967083504806100000
0x6ac54b36e2d09478d3a62f960ba002def8aebef1,71308319096318300000
0x6ad3f6a0352bc0406581e29723140e5d0f4a59de,186
0x6ada9c3e7e1630caadef1eb65d9499a7f453ea37,916437837306051000000
0x6af9e4042cd940c5cc64c3b9a0783d64252d65b6,511196555236343000
0x6b0ad97613f92c580a89c9e4f93f5415d849e0a8,20584611613641700000
0x6b141743c1bcf0df428e985bb4decd17bff10fa6,3599030292926570000
0x6b2b39211cc4d87ddce9e6059992019b689b906f,1884461144588770000
0x6b33082bb204797f9a35c4710f3e80cd0f739912,14199904312120600000
0x6b3e663a915e8dad28e7cfe727ce3b26873a857f,2643370364094490000
0x6b52f00ca26a9ea258541bed2d4c19a75c33eb6e,8577713731006070000
0x6b57164b6f8d7a16de1191ce184e01138181f224,362411506934413000000
0x6b68ee908c4df28cf0a161760806605ada60443f,4939636187754130000
0x6b71cf874a220ecd708d3f96269b51f5ef8b1a03,20654406272175500000
0x6b8685af7f663ba08f7ec332e74675d725df9e87,339431491736655000000
0x6b8f51be90936b5ec55096b9b1336c2e05121d03,27266287031788200000
0x6b9ab1ad3b2c1454dc1cdf9bd8291f5ddcfba29b,418157130447601000
0x6ba9c5ae4b6cf74a6bab89ef980e0e47bb4cf7ac,54313239821438000000
0x6bed82137efd1adc5000b313d76f3bc0b4737167,2903596433742430000
0x6bf0389c2515c1fd8241c8ca7e7b21fcf2ea8069,1828482182598550000
0x6bf7fda767e4f8337f8bb2cabc9a4894072b53aa,29700255526957300000
0x6c03c39841a441de8c3a0f1b52ae386ed8729847,226357527473152000000
0x6c08c36c2fb1a3579d3a79bf1004c36e08cedbe4,41217291539564700000
0x6c3fd90b8859ffe91668a3bb1d8aff85b988049a,1915283093618830000
0x6c7ea81bb46ec44720af326a25df1dde93bc4b87,148207465205177000000
0x6c9ac10846e460ab353ceb6fc5db3e7ec8b8913b,735296863289447000000
0x6cc133df47149f3c714c3a8c42a979e582e6b839,1167268643470050000000
0x6ccec871d7c42a7f02edbf4939ae4de1d2048ca5,217809349747353000000
0x6ce55caca95a00e938ea07a3ca38f2c941fe917e,22643891147691300000
0x6ce95b59914aecc75751a7b43b76bfa6b0455163,7206362927170030000
0x6d0891bf4964fd06eeec35ccc5fd2ad9026ab70d,2128394720637630000
0x6d17a1912e5685c6d0913a2099449fcddba10051,170502123776808000000
0x6d192568c0b46232acaf14f20e2886d201621fa2,51636015680438700
0x6d3e02a59d97a31de111d30075fc58851882f2eb,49338212982659100000
0x6d6d0c7ff7cb9bbfa42f3ac4e7804a398a9f7fac,441174092485891000000
0x6d71b16f93101b41222ef627c368eb215aa02a03,2606025606829330000
0x6d8a54a4386af77dad21ff63977d594760c638e1,129090039201097000
0x6daa7be542f3905b6f2240ef66c71066088c963c,34880380363941400000
0x6dbb5eccc0c0789449f71a3bc62fd53327602eb0,4794870720548910000
0x6dc31d02d0da2f1b2468e4c49088179dacd09588,36898010093394200000
0x6dcf06cbeb43d33ca7d98d3bb4079015e29a682f,44444725692122200000
0x6ddb29ea7dc2e3482b0288c75268dc5a7b831629,593685767044040000000
0x6de5646d7c9e77da69b81b887e0c508e483c2b90,52823644041088700000
0x6e2f6c9b563b5cf2cd7010924fe8c3acd319bea9,5679961724848250000
0x6e35544b3fd7e4e5f137d1009157aa93fecae57d,352880531160118000000
0x6e401b6c8748ec9d1231679cb0084b287583d764,273670883106325000
0x6e49d121a17fe48326e3fcbd59d3ce7ddf83ef0a,2116626843380210000
0x6e4ca9dbe080f18b9a4dd47432ccf6838c8b41b5,77047896710820400000
0x6e71c45fb10fe71f75150759a757b676685d906e,151325338469497000000
0x6e8be5b70d18604e525a7c3e56f0b1508d285549,511196555236343000
0x6e8d1d3d5c7709bd9d7f2aa15de56f8b434ecaf1,11021231458612100000
0x6e98311a39a92b4b9d59c8c682d3df5d4d8eca71,160925424310628000000
0x6ea340cbdad8095fbeeb5d9d086ac28142f22d0a,725474660386713000
0x6eb77b4162908281f54791cd3e19c20f3b0939f0,2930689655721500000
0x6ebce83fee029b9201fd9c82bc300cdcddcbf6d2,74891602153367000000
0x6ecfc122f41d5065ae7368616498bb610e88de54,10072650860012600000
0x6ee542368dd6ec349ef72127a718eed46f3ca215,525063768741858000000
0x6ef18a4b5398ece563bd723e2e79564cb4d6613e,31
0x6f17905ea7a74e8c2592b4486526ab5de6413081,1468200397252100000
0x6f2e5527da62f1d785e460e824664d859bbb05a7,251897221967674000000
0x6f3f1fd2d22cf926299efcf058737b71458632f4,681595406981790000
0x6f50591a8a3c81fffaa96fc2713df209efb846b8,6420985693527980000
0x6f658fba57e9d826af17018abb38b47eb4c197db,708859223261062000
0x6f6634b2aab01df7f47f615fb4e2b876bd3ae5ea,1539271958575240000
0x6f6bd4e64bc3a069da8347307949bc647237dd19,4198990309207540000
0x6f73f0171326e440dabb8eed9998935adfc56d34,13295791249846100000
0x6f7d991841ceff8cedff91cffc913a2cb4560d71,178035658292058000000
0x6fa2145acdf691ed49c9c6000c0415b9cf6b7be3,39612205783296100000
0x6fa429c79ef39e10c4d2be7f10ab43a1dd715b27,475051344260036000
0x6fb9966c429ecc1ebf3ecce4bf01db258da7ed0d,1874387369199920000
0x6fbca76fbc317b115c858487509ec1cabfb644bb,526584087909113000
0x6ff0e6902fafd14c8e318f3ecc54fb63f4997845,1187628360650090000
0x6ffc953473d3b322f1cbaa162bf5e516d27f31bc,32065965737552400000
0x6ffde9a758a68a29af3d9354a9b69dafbe96723b,23389759953609400000
0x70151c4d46e7d39688df974cc1619f4d1023de85,5856902763098480000
0x702fe637e120042a1b80e9ab97242462fea30850,3513895627957620000
0x70412943c208a3d09669a41549269bdbea7828a7,51903361689970400000
0x7042ca0c2b96d4fb57308bf48bd59c511c3442a9,80266975402696100000
0x7055f4093b579cae84f043d4eda45fedd9b0a437,667963498842155000
0x7068f35e53e33ab5c6393a50eadd57ee89c5fb80,144682525302786000
0x70977057a29f6db16ca0efda628efc8b3814b8a1,168276143644815000000
0x70cc547fb45f09d8d0f1736151675eded909278b,8527776925234340000
0x70da3e340e7a082f4a2f2cb87edea66dc3922f81,152744171281495000000
0x70dc1e66a2e52ccd7569725860bba22139706e22,375243269955643000000
0x70dc8ac25adbfa6dd88b7e55d455feb427cc7ff7,193965529302000000000
0x70e2292a377f9010610723cd5caa752dc1545a11,129090039201097000
0x70ec3dce0cb4d88dce2dcfb312bf63cc09c2de1b,127355501988783000000
0x70eeeffdc3f071af34415eb4a7d1dc87f8d769f7,70
0x71059bfc9d3753223af51559b222fda84a2f2507,997684041747968000000
0x7115b7c9de77e0d00a8a1bc610a4fb058bac21b6,30461634730361200000
0x711ddb4edbd48062cafc9a61914f512fd4fbb63f,153699841682248000000
0x7126d9dd3fd2bfd759d817b3149731b8eb6ca5f9,634813279361933000
0x714e5c411bea681afbd1db903cdb901d6b884bda,33654007506403500000
0x7164a7e6775ee108b52a500e440914f2e87bafdf,6802142714748750000
0x717d4697084d9015e8fbe36ab8e733daa4f71096,10843046932735300000
0x717f8ecbe2ef5720f2d05e43950886d993ae74d0,6049096528830810000
0x71857db1f975866e63e1501a31f95b41be8d56af,83685664437036100000
0x719470762c45c9ea2351f273322bdc78c6edc94d,504256674728892000000
0x71a6a6cbde61413c77f75e40f91c71f5a027f4f2,29013184774855700000
0x71b2a052f110f1fa2c25cfe8a1f934c2f6af1097,2522806068110850000
0x71ce27e564ef18eb811139fdd877e8f5b90892d2,206841065277013000000
0x71d2c00a1a6c11145c2b54883b1995f3439e1088,511196555236343000
0x71eaabacbdb99217d70e3a8d32e08690e5304254,442453864616407000000
0x71fdd558180fc5aa28c8cf12c7de7a7e9fb832ff,16278976847477800000
0x7209be7bb9b49f72e78ba65e82f838dbd3be20aa,76546651496366700000
0x72119674eb3900b1a0d0163c8860c9aa04e8593c,16729020274482400000
0x7213cee753eb2e5a80772e7fb598f90c38989a0a,104268215619721000000
0x72172af1bfefb4b64f81787e6fa538cf765dc871,11062181145297100000
0x722feab91c7484c66da25251b40e63254ccc4663,17077927968602900000
0x723256525e84d78f97d6c21ac69d5b185e99b27b,2571699819772430000
0x7235e7c2b191c6d0dc328bf19f4a1b211f0c9d1f,24111535765311800000
0x7245d8e01fe091077ac0338e7d99998057aca77e,2135822280199350000
0x724d282c4190c662c6e9d9b21c5fb6cecb2d064f,179721189616585000000
0x7252116b5844dfa5c40d415576f6ae66f5887183,9552662900881150000
0x72574f1767c5b6730be391d6328e7aa617c4e7d7,34465015507741600000
0x725b1bb3e1eedea06ff702f454142dc63766a9ae,53305049257263700000
0x725b5d353ed83137dcc89f6e4a6ad02f74c5f6d4,28399808624241300
0x725c354be08969825132dbe4fc16cab49b26f590,156766943605812000
0x726c75d29820d60ec524fde644cd76fa82af2741,38313923634885500000
0x7274dfd423b826fb274a8f579062a8a14cdbd381,257909741994626200000
0x727b6fc2d3089d2ced631bbed8e738fb1dadbaf9,4013588578995900000
0x729b7674311fd8238801c5ac615e52b88b8f149c,21172883505622700000
0x72a4e83a1253f62c05a689f2a990e97f965403eb,3211504525409650000
0x72a5f05f307df02ba8cbb7e2db5561173fcedf3a,160071648609360000
0x72bca10a70932fc032dfbb8f3f0b7a60ce7a375b,2468090478221900000
0x72c98c2738370fbcabffbcd2f1684197d8610fdf,461584671370577000
0x72fe860cb95c2550eb2cae47567cb31fa2350b04,82206064298431600000
0x73162a6f5dd603152506080af350a58d349997c2,409657458889073000
0x732eae5c88e2e637f11175e9cdecd36f94c5193d,64732116543005400000
0x735134d3b21ebc940ff1436d85ccfcbd7c42cdb6,3
0x73a80179e07ab1c9231eb5a0921a9db3ab612e06,1461160581774580000
0x73b6a7a6e39a2e405087164d7f407a0bd2c86dcc,121042420818976000
0x73c3efe353c9b3c60bf236e6502953f51cb121e3,19253871321410800
0x73d38d824fb2a24d1d888da0e582a850cb34343b,976882094377056000
0x73d4d8a079152c01426edfb32397b605108998d7,11273139330752600000
0x73d9ff0bcacba526a4f019b593eac5bc7149e2f2,516360156804387000
0x73deda6d1e765339bfabff4fb4d77b97cb0b7a08,53298271645016400000
0x73dfaf265edcdafba31db916ef06e58b924b14b8,2908743597701050000
0x73ef86ea7f3e372ba000ff4e24899b0d5963e821,51530257313401300
0x740ecba3aeebf6d21d779d7b2ae9673fe795ec92,224616668209908000
0x741a704647fb24da9988be03219b55e485704fc5,2996284542626540000
0x74270f5fcb9d6055e94ef0f23b01dc4d6e2407ac,517005607000392000000
0x742b0bbb806712ba546908f4b9fafe819f2cda2b,697086211685922000
0x743f45ffc7578f8982313ac4bcb01e611a376eb5,10223931104726900000
0x744aad2dfadeaabfa07035eedbbc7428d43124c8,3275989335998800000
0x74575c155cc11354b3292ceaead29e1c71dcf9d6,54339628744598900000
0x7457667ee63bca3c134f246af687091e7e259bc2,865331671644127000
0x7464020d5655c7614497410ef1438a527e8bd3d6,8342641966575270000
0x74931a63f678581234ebc535724517778084fddd,46703651816140400000
0x74acaa22afa3cc93769af2567fab987ddecfaad0,2065583893340200000
0x74d584565dca4bc3a026c1ca65722e6e0097f162,3
0x74d5aa1c3e1d75c46946f3e549795d0189a2919c,13275464723393700000
0x74ec3f1a9ed462869f1c322370ba288c60ce9f5c,15043246462123500000
0x7525e5de814599b2eea19774946454bd4a93395f,57130921477438500000
0x75352403b0355bf8c7b92bbd27fbe09d25f099c4,4853785473961230000
0x753fcdcc2e0addbfa702145976b220ce6fea9aa2,6859203251274620000
0x75519eeb2064a501fda4d174e1dcff011eced4b2,170203667606176000000
0x7557cec42700b1f5a7173b63cbb4efa5e4e3865b,37633847799055300000
0x75644ba6a7d73938f7053af1c179d16510025915,692940888988935000000
0x7565151b304f6cdda18a744587ade2f339c4ecc3,1289177417799790000
0x75d53cc46045d5bf25eadd70b33e9d949d45b132,34079770349089500
0x75f3cb1e4d9d1de8a9a5a6fedd95b83cb696a88e,25559827761817100000
0x762022af1310a1b51bea80d0af26428c3c9e9dd4,2891616878104570
0x7620fe388f24f2999faaf5b54f5c8d7cfdc9c62b,40560866600046800000
0x7645b3f957b74a4062d2e7c6ae69ddba65e2f5f5,2581800784021930000
0x7647fb3b14f80ab59d9159bc42fbcfbe56ee5d1e,2581800784021930000
0x764af40e98ef40a26b53b81c62353aa21d07b527,30686169730540800000
0x7656cda6b63109a037ad006851b975abdc173e71,17120669009179500000
0x76742dd34b063396d405905c8d533a19169a7ab1,4411893312401120000
0x7678a3324cf6254f832753af67efb76610ff2b1c,13019055275245000000
0x7678bde82a8fbde658244116e9ba77473bb8a86a,876942157872384000000
0x768c3c340aa5f0de946647391fff30a3d1f5decf,160582845164596000000
0x769a1ef6fbfa918d685ba02f3c2e45cfb902ebf7,2532746857192710000
0x76a58331d9c56d6173cc2c6be3428a1331708f39,4445491818338500000
0x76c2728425223e2ee39b9ad709dc74c8a086bf0d,1600716486093600000
0x76c977f7f1eaff1f11d99533a6a7b58eb6ee43bc,196868506567059000000
0x76eb030f7e524cffc7cb4933ffb591a0f20194ca,1187628360650090000
0x76f794e349d1ad52f1ac2504d543ad2d544b7bb2,139417242337184000
0x76fe006f5a82968089ccb0ca39d35290daefad8d,820937430048129000
0x7709d1a22daac67f25632327accb9679cccf7012,23262025064037600000
0x77208b583835136b7c91ba0f79ceb759d670d1c4,211707664289799000
0x774b7716afed9f09fd4223ab013d61699b316dd1,25818007840219300000
0x77577573c2ef8b78e660f0c8d66d22f6696e4314,1216126812762290000
0x7757cccf1b3871f610dfcb4caa184ac749044b5d,47124485174428900000
0x7768e84eae70800fb873c1e585a5d2edf7561986,1853939506990470000
0x777c878ee35c576d470405d7bc8e102649a95f21,21969094483354500
0x77953ec6021a72fac5565b8c40c6ab2370e3e146,11685546974421600000
0x779ac2007760eec5b810291162f68cb1360f1f5d,24569490815997700000
0x77a170485f570af862241a231accf34b7630ec34,400758090765520000
0x77b7de8518cf6debd4517a5f3c8c6d27db3443a7,5021086164765860000
0x77c81ef316a6c7523caecad895d5aeaa55069709,357667189813694000000
0x77d95a0c5dd76cd64caf13a1b73a22f322957e80,15599746857646500000
0x77e0aa03f37873241497b2bc13c63f69dac3fc4d,1187628360650090000
0x77e7dc1a29921d1f8ce58e2588073e1b243c275e,5498305473087620000
0x77ec8af099ab65866bf804ff7ab097587aba9d0d,2478528752661060000
0x78224fb36032ae4f80ac3236d403e60f80b07a6f,511196555236343000
0x782449b608d23729f916f26b960a7fe3a9206256,153804894693171000000
0x784032565a78a8588d3c2c06e840c15c09a0a42a,3614521097630710000
0x787cbcea790a96db208798bdc1f1b9b6417b69bd,1600716486093600000
0x788e136d284c557b1b4b939fd5b298c5f2fa2a8b,4083998129187500000
0x78aa5a0018a54b7579e6c7fb9ac8363b3ef4043e,220087506994586000
0x78b23fa2e4ae2ae35b7057bf387efb001418f554,34612146472567500000
0x78b4d8ae34594e3bd3b616f8df5be471207a86b3,5708653381356150000
0x78ddfc19885863af67088ca5d3a190295e04558b,31604454390709600000
0x78de1f5a2f8ce1652cf28e50c6084974b606d59d,149744445473272000
0x78e50a27114d5538c44cfeb8b5b1d6909441b301,18711120555692400000
0x78e7f04042f8fc93c35b1811a42a23fe247cd727,363
0x78ee1bd9d7900d8d807e04a9e6a9404cca5babf6,150215181281706000000
0x78f00d340de21ec4f221daca4c54070cebe790b9,26667086128165200000
0x78feea55be6986ab66dbd8b3509344ae7735e5a9,80035824304679900000
0x790212344191852bc47bd5257ffd8454864754b6,126478082474770000000
0x792ae333b0caef395843d80c7db46b575e67cfff,52358919899964800000
0x798cd25b8d3c3325732e94dbd00574e07be180ef,981497386053778000
0x798fb06f9b63cc91790de2f903931e3be36d2ae5,683130527064901000
0x799fb46bc5fb856ee3d9533f084fdd24468ed7c1,5307990254094570000
0x79ae9c0d5e8a0a89c8189a93c32ff9499a8a9498,493888162780260000000
0x79b3d8d98cd7b7c3cfb2a9562739d860cacab3ae,1277333476252840000
0x79d3dc7cfb8c2edfe274c40cade8e6ee019cbe4e,9523078858125980000
0x79dc1738724c4e43c369b2e15022749d2cae8498,10223931104726900
0x79fc5972c5c4163d7cd0b891b12bfb236cca3f3b,109422105701781000000
0x7a35c2a5805b01ee68fa37050f7818a614a95d2a,289161687810456000
0x7a528ffa3f602f99fb020645414c1fc103460cd9,3916721197617490000
0x7a5aae778b78a4bd3c74084af951e86f16d4f56b,118762836065009000
0x7a5cbb282ba5b500b4131d72463c8e2018dccdaa,11916105764643200
0x7a6958a1c8a995eb9f96f0e2a4b14a3a99a48e4a,99707336471568600000
0x7a81d8e299b4711b9c9d7be22bf01c44f77050d7,1290900392010970000
0x7a96d864d3c02dfc3ad640ed4fa5df2366d2903b,503967513041081000000
0x7aab6aa998ffc0892abf01ba1610c9e96907a579,364169229935786000000
0x7ab5055f2c57e0274766af35c3dc4f575acd2234,26431449808499200000
0x7acb1132f71f3f7629100e9f6e4a435cbe3740dd,3622375737352690000
0x7b054d58acaf3b49c4489eb16d1afa259073153c,506032953668299000
0x7b1b471f631dcf806d4d0ade15bd78a884859711,198785413478666000000
0x7b28d2506579cd7b0cefeed52f413dffeba3fc51,2333326833269610000
0x7b2dc01d773d8becf8b4f3d798a49b4e68ff02f8,5024216877825080000
0x7b3618b220d6e2920c9b14eaa42abab6f0cca9f7,258180078402193000000
0x7b501c35a7b4634c92611e7e8c2f2258a135a6d6,22952208969955000000
0x7b759f518132e06d114cf55ff5298f45736e6f46,273670883106325000
0x7b89609a942632f79854d681054387d6be8cc3b1,29931228049850000000
0x7b9fc64d45fae6176f2e3f30ca703dbf5362bc56,425534616072105000000
0x7bcf9a1ae97016bee0d5fbf107cddeafb54c78f0,4309698784241880000
0x7bd5b5de086500e14fd2e88e903f78aeea88e84d,129160013172215000000
0x7bfdf4e52c755664ac0d9d749fc77750e438adfc,7917100342772570000
0x7c125c88ec57008898cd09565006dbff77c7fef2,896946532005361000
0x7c1a9db869b5494abcd418eebdc3ff4abe9682f8,296557051436669000000
0x7c1d5cfa13675cab47a6d96819b67535ee2052f1,30449954541973200000
0x7c21941a286fe001ce0910c4ac88da2779c0ce13,5873596783649900000
0x7c27758644774d49d44031202127ee2e3c9840f1,12213195634607500000
0x7c3fb4159cf70e7808f39bfd0703b7b4d76011a6,140
0x7c6eb4a016095b6f708270fcc56801802c997818,496036495477358000
0x7c8488fe200cf2ad9e98660c9ce11f6e0b835d03,1018986840947890000000
0x7c88565a71a1292019466c5c130e0675786a85e9,54378887314523400000
0x7c8ad5f5122c07c76545dd7113f0596dca88adfa,3872701176032900000
0x7c8c36164f46d7ef398609e744c8fddeb11ae058,67295658912176700000
0x7c998e3f2156830111c5fd382a6371ee1facf7ca,637414909061387000000
0x7c9bf3a31fcebc99d2797dfddba0f833bb532745,1035571160559860000
0x7c9c33a382e4c24bb4826757f3cda7369762b494,657090896622309000
0x7caad2c7799a60bb6687d537b5b04db9bc475e8a,323520670117496000000
0x7cb1b7356dbbed2b49d21e3a9abfe769174c42a9,151190253912324000000
0x7cc94f077094467d76d1f528b78546b539b74d29,1054273711470110000
0x7ccc1cd3827f11a851a8e4bfcef22835f3247cfa,511196555236343000
0x7cd136af92673515ab63f719d448efdb92f08c84,264039763949343000
0x7cd421e71384765e7e939b140c4533acb2a783ed,2024346143350750000
0x7cdab637674138213416b5424d5411a97c69a87b,17825475517106900000
0x7cdf68eaf6bdee77c9d7b991e3d5a1ad75ac7996,787466622542022000
0x7ced10c2c2c6a70c4f5417f7d19b38ec10e65824,38159315984714300000
0x7cf09db795301b25083ead54728b6ddae3fe6505,6827441620911270000
0x7d1b10577da49d490685f8105bee3fa7a82ced53,97592069636029100000
0x7d1dc1c5cdf00a6ddd125ab07d8232ab717ad751,18645477871920400000
0x7d2654fc56d2ddb0836c45df85ca561588a248e1,72032241874211900000
0x7d2a5756bd996e5467472094388d0965f63ebbc1,1877674995229660000
0x7d2d52da6ed979d93a85a68b106ffe448ad222ee,42132609787968500000
0x7d33f1a1cfd8fbf39ce8eac255a4ee30ba03f8f3,79931289766656500000
0x7d348e0d298380b76c4bef9f1baeaabbcfa5807a,1674494525609270000
0x7d4df94e9ed67534971ccd3ce14d88241ff4678f,31941819687056800000
0x7d5fb4346f8db639583cf22fe7d72deb32b2eb30,69820836279018400000
0x7d71e9631947859938146092fd7dd8a0ed8ea58f,10850161945597000000
0x7d750cbc2d7b865c7d842ef5943a83d5252cb794,254573058740530000000
0x7d7d7c915053a74dcd4d565619b2eb36eef6220a,550773857465205000000
0x7d964297869a22f9b116fe3f68c1090d4d708a77,18695908284296300000
0x7d9dcc23989dddd636850ced0e68b12478890e0f,54210549666131500000
0x7d9e73f2740d7c58aeea4994607ae418908f3a14,269774939939708000000
0x7daac88c492c641a0ac8d08420b6a7d78764615d,6925587950812420000
0x7db9cd6a1c9242d85bb9892ad5412e7311f9f0bf,22843773337026100000
0x7dbaf5f07cbd9d5be89ed50c6b652e611b114539,54313239821438000000
0x7dc49e913128ed64c87f52c581447c1f11dd1fde,2256493885235170000
0x7e0fe53844ca427402545d10c1af9b8345060bef,584519697502566000000
0x7e41270c64937d1bba9d6dd6abf46a79ca9c456d,2108236865984250000
0x7e5084f8544616b0014c80f6b813794733272db9,62982823582152300000
0x7ea366591a179288ba4ecdb210ec2a1a04105f66,307609789386343000000
0x7ea87be8ed8b75afaf80a43cdbb40753e7ad74c6,119128965965017000000
0x7eb60b05a1654f883cf05984356e8d1cce6b2f6e,2677823317830110000
0x7ec78e7cadeb325423509cb8f8634947d789209d,37915060340754200000
0x7ec8fd031f0e14749861ee7a4aec1b89164f164f,2334903481450730000
0x7edcc5bf18bf96570dd1bfdb877395da42fe0313,2788344846743690000
0x7eec5e2e309c0c7498b1792dd7a33a6b607b18ed,316406376171872000
0x7f07eabf38affb30bccb38cc19764a08b26f20e2,1186955153672350000
0x7f334872b7e5357ac4713fc96f874af32367b884,115288855515808000000
0x7f4580308d6c02cd1731d8b2d4e91be9a83aed45,31343061518026300000
0x7f4b40411c5ae2ffc21f1c53ecfd0d36abe6730e,241977528288826000000
0x7f5c9ba00e918b1a12116578fe0190da7ec55225,2410007058909790000
0x7f5f7098ad08d3766bedd8ad9214d133ea0c260b,5485830938024020000
0x7f663d75bea263e3021e92f302583b4ea8a70f74,3712933121377730000
0x7f75349812b32b93bba8147ad4ac7c979139d164,29700255526957300000
0x7f99f85bd714e50401a0d9da00e1c3f77f0a9a28,503967513041081000000
0x7f9a4a0100d7d7c0fa1d425a0e5b96dce00f7f25,10170471212877700000
0x7fafa11ad2c89cb7853057eaced0c8181f4f74f6,556027818086188000000
0x7fcd7f50464c9a39b192b63525ef49c423401fac,129090039201097000
0x7fd24cce821edc61d00bacf929f3f78ac4150ef8,510620253173298000
0x7fd9b2c475fedf95b3b8784e2777aa7393b17ee7,7020247186999970000
0x7fea38c923acdf2075a3a9ae9f40888ec3c05a59,164260310650199000000
0x803d4462ca3aa65af032d89fa7c895872812ec5a,26451788654828100000
0x8044673aeef1bfeca2c7b66db207bd0e4b7836d3,2365824768723540000
0x80655554b3522827b66f1288197076f6acfde79a,16397764959306600000
0x8067575dd25d8aeea80c047321c923d94caccf7a,608105743725125000
0x807d85dab671ba452f304d61c6deaf8971d95497,475051344260036000
0x80813eb6891e535f9d279eb1797dd1e7faec4c93,6276497584582170000
0x809492ce4da5fe0749dd747c2160b249f20a7f32,836503454023106000
0x80a7f85a9c5e335ed9b31d6acb4405d6c88de531,35241580701899400000
0x80bd17f3e071cf931391c9a049170743bdae14b8,246718497418477000
0x80c2dad447032a5cd29455b992f01f01b67cc1df,56919021811062400000
0x80f983b6b5fdd609d8fedf59b38ac3db15eb2f48,140103462779782000000
0x81248fe1a774bf013f04ca6c7a1d93b64c017adf,25818007840219300000
0x814d2dcc371257a878be75462c572274ac2ae7b4,225400707435411000000
0x8151e5116ba3361c44f0abafc3d376ea79fd9035,129090039201097000
0x81578de5bbf914a880a158063d6f6b07e994f194,511196555236343000
0x815c2846f2dccb9767c88773ace083fea617e05c,14083620004808300000
0x81a13efd25bcc92fe7869c6a8cfab976007091fc,4284001484957610000
0x81a4cffcaf5bf51e3df51567dfae80fc624d6816,72313198716293400000
0x81b8360468f7d79dc143681e8011ff6f8541e927,25195194754687100000
0x81b9cbc7deb7fd800d67e7e3757841252e941dfc,7318731568376160000
0x81bca173e3af097dccabbcef20ce213ca20a5953,1121254270001220000000
0x81ccadd251a8c4b8c2020c4940670a2ad84e4716,51636015680438700
0x81d59d01b8cbc490b52252f92c9574a4b729ec2e,1727844356698840000
0x81ef4d92b16204ddbe74f7d0415b9fa9ff1efbf0,253016476834149000000
0x8207914e6f26f1c3bd53e68c12b89965fa478f37,895849964810313000
0x821d13d1f349e13622d93f7cca158d02dc355636,6808043770149010000
0x82229046d5ce7b35ba021585812e161210678467,14961590502013400000
0x82244e88a07cf96befae71d794472262b1b477b4,180726054881535000
0x822df343216dd41e8bcd389eae342117462407a7,354731265457961000000
0x822e0195e1281cedd71721bf6ea27fadd1bc4232,1464
0x823a10c913248941a7fdbf61f0f2f20b4562e442,5354764348304250000
0x823b0b05b3ebe3569d55e765bc334dc3b24595ef,8626226576380520000
0x823b646d11a681b1fb90070e5a803689877f9038,180726054881535000
0x823b6b51e28716aa80ea6e9203bb59f0cf9768e6,1252575694461630000
0x824582e17c55a26197078c3878cd11306ca9db44,51636015680438700
0x82545289c8c51898b9e6fc1b0d66a6886a3f88ad,866304832091591000
0x8273c01f6e76bd52437e0ca440bebd1b344f9ac3,475051344260036000
0x8274853f6d2a2a28e642b7660516ba5a0ad027a0,891401325754989000
0x828bbfc0636caa6c25f52df480cdb391008edb09,2891616878104570000
0x82aa97fabe37b1271387298382b31f732e5712f5,18578422054245800000
0x82b4b831ca98cc0af19da038cda7fc1a5ea014a3,69831953355214600000
0x82c5211bf421031ada518641cfd595a568224dce,2313564909993110000
0x82d59b1c0e032a907aad2a8a9ff8201c2e46306f,592988004074158000
0x82fc9e464759ee6446ab70ba9856ccd15a1d44d1,3895522225629520000
0x831895042ce19b37f063eb2118c66df7c92c549b,403605693596620000
0x832177c4c980dbe5eba362398f7043cf08c0127d,10
0x8325b8005b99eb01b6588a4414539e047179c9e4,188028215885014000000
0x8341e2c9c674d8d73057962fa0f42a9f8195228c,33147606614907700000
0x8342405d8413eb6f65ec07fb6573b2df3c102748,156353856041491000000
0x834a4ee991c3f6b14af25b19d4ec93ccda870bfc,1216508783098730000
0x835be4d8e0f0f9c44ad6f4b8d4b9be75f531309e,464724141123948000
0x8378379ed73bc1f5892f2e3787b634cce31af562,164763101545188000000
0x83805e5807fffa85ee0d02e2a17cd8fa19afaa5b,51636015680438700
0x83a4f43cf62ff85a0eeb19763a3c0f9b9906fa2a,438874311581378000000
0x83a90989c797f2b86dbe5cd5e4a063cf551b370c,5250580887801340000
0x83ab481dc4640ff46f15f7f9e5669a5c820cb016,83237257276867100000
0x83bc4eed00ccc496a8a9a8d1aa594ef0cfb1b599,2323878849610120000
0x83f1149e6737d005a289bf7a03e081f7908bc88e,373640016309386000
0x8417d487960d741012d5314ddfdb5a3e125d826d,575086552349333000000
0x84543605a7b435d174ee73c048388615d950714f,99442819844722700000
0x846e22cbfaba96c17e2db3df22dc1b1178ec5c40,15232624625729400000
0x84750c20b857b0032cc7e4dba357013748c0e57d,884580578744655000
0x848a6cfa846d827f4ca0980b6d4036fb2d463f15,149744445473272000
0x84aa82cbf4a4f1de52c6bf911b0e5cb241b5cdb4,147175373370190000000
0x84d9c13793eeecd37fa82482110bcb0c5e42116c,113778801609632000
0x84e4123cda48c6cd1cd1640d2c33922f6b545609,503967513041081000000
0x84fe17b9b5e2ac84386efcd0cd78912bfd2d4c82,1304357916640280000
0x85122291330859d6f61e84fd5ad9d506979712cb,2476716209174220000
0x85399353400c5b67fd6ee53b1d2cd183bae7dddb,265903205562613000000
0x854eeb4c715e3d1ebacf35ec3190ff25f2725218,20483181116892300000
0x85924aa0b2cb5a0bbec583dd090bf7cedba5d2ea,508732903994921000000
0x85a8b2a0a38d4697574172972c404c2faa4348f7,375495035920339000000
0x85affd777eeb7d52b8eae4fbbee03446850a5266,530361705838519000000
0x85b0b3d2509a192df74dcda01b579bc0998ba497,4900851325332130000
0x85bb01ca1384e6275cb794d10d5559b4d94359a9,799269797357421000000
0x85d10d3c539bc4bbe13fd1631fa09d14e742eb71,10449598737693000000
0x85ddb2eaf21a242b838f664dab6afd120ac652e4,1622513172370040000
0x85e3aef164e5cbcdc9b7f12e97bf5237cf48d40a,3555300919016520000
0x85e4cd6442702b9b84392091a8faeb73815e501b,1530634404217810000000
0x86110e90f700ccf00ca0f737f085fa42c5a4b45f,44599010690355800000
0x8614003dca3ca71e3fa372bf2e3b96005f055efd,876385565290595000
0x8615c1dd12d9b24005bf2ef2a7e67b65b3c90998,7130018875591960000
0x863a86f74c84f626c81ad335bdd195c56426d49d,6942205064706260000
0x863e2ff213d50655b2652bf5e683b0b4d701d2ee,11079556116047400000
0x8641aac514d6a99cbf00660b6ee0694f7877e283,31946919772340000000
0x8664e763266054f57faa8e62f7fbda16722178a6,168
0x866efe130047c54d7c906afb80830c5427b1b92e,1581612104330060000
0x867341857ee0cdf6cb484a1a80ea3e1713e170a9,6299994395678550000
0x868583c4e8214ff0185aa75bda382eafb01eb489,1135992344969650000
0x86a89e5e700c8f2ca9c2b938ebf56bdbc22693d9,1497444454732720000
0x86bf06a62dbeba8c9461f528a7d1b0cacd292d24,91487394257144800000
0x86d00beaaf6f2fc9703066b6a8ff39d179d4c86b,3345260268518510000
0x86e1906755ce875d105bd11155e5e6ccd76687ef,695199094168198000
0x86f11dc1207c5cf01700449b7dfa435940abfb9a,504256674728892000000
0x86f7eec5be3dabdccd012becb4a4a573d33467b8,471552320269311000
0x8712def6f509b197553480a7a5d27f2feb631626,115221112401931000000
0x8716465a61664bfc3fa980aa2bb6498f7782159c,4141697643536370000
0x8717dd2a363e7d6cc60f9d0849f3afbd7d8af967,149744445473272000
0x874c7ea7a0c1955f242e8de28eef3db2ff2fd801,129090039201097000
0x874c7fb38c621c38922caa7aa03edfff781cf158,334127874678270000000
0x876e72f3b83b85d35568602dd27346c7994cdd56,999673263573292000
0x87711795890ea632e3c8851f6b47ba1c6b2cf0ee,11909635697822500000
0x877488841506d69ef04d7844bc06aa39ac33a045,120415734627195000000
0x877cce772ae09080417c571eb9ce1f3ca814f4f2,150062979628986000
0x87860a355e06e69d40d6f7131765cc8643b96038,131625339674118000
0x878c4aa937b5c064f3b2de6f0a1f067c10cb3379,2298978135087750000
0x878de53f391e83fd70ae3ca0b9cd28817ebdd82a,3076984679727790000
0x8791f550afaccdb38d0e19a78149898820122567,10113817378484100000
0x87998f33b86a34fb1f56b5254ae5e122f5939dba,10167136333939700000
0x87a5c3fa07b0046e4b0813d40d01e2f2c301d0b4,38052985192227300000
0x87b9bc7b275e17a18ed0b388844b8ffe14ef798b,5768724300809130000
0x87be84f86d81ed96f157293c9e91a2f50a5f3634,70007745170685000000
0x87c684f7dcb4749643cc5c71148b8eb3749c9d21,405693847998070000000
0x87d5b669f09bcc12eed6b6d92f1347ecd6e7308a,2677634450431120000
0x87db38f66ed01050e638aa1e23407be6b6fcad45,222447955551330000000
0x87ed7650724e75b02e1f7b65638a6c8bc985a155,550156372449616000000
0x8813df602362df425a5e5107a899db02bfcbf371,88068226590243100000
0x881e0a267dd8ffa68f540d83da58109b4de96f3b,12722846999361900000
0x88366efa29326b48c7f769adb206007889178438,11075925363454100000
0x885ab3900b921958c85a18619b8562c8e0ea1c84,1497444454732720000
0x885d526c5196870b396f9cf7596622a8562b296c,6578606262536920000
0x88603e74577f3064b4460a505adad7c8473dae72,3943264554941110000
0x886f6ab61294e7650de300e0d026b1408f1e160f,67672830013109700000
0x88815cee9d678b6e288fb48da3abbd4514ff06c3,121500237018098000000
0x88a02111708505f6497f2db9970580f95254330c,6645247722631560000
0x88ba836f4323e40a195fddfc17e6938f30978aec,139417242337184000
0x88baf72dd5539b3da71bfce86c486a6cf89836f5,92349232029132500000
0x88c36bf652de29f307f183433fd092893ac41e79,291018014594448000
0x890e68421a6e1a3ff329f9ba920b9a1275e6cc18,4156699262275310000
0x89107822912a4fb64d4c40a18c0700d4f7cc86e2,1953814909019190000
0x893816e814acecb58301c73585d97493d76f928e,2302396899508740000
0x893872a463d44121118323c12a5bb69bc1161330,8960991381847680000
0x895090d2534d7f4a077a5d44870b519817e6b56e,5122292755499510000
0x89599afb39836edbd069a7980b98429655af7b8c,809823227993055000000
0x8963d56e247ba12c5feb7812ac9c247f4757eb95,477425009139728000
0x898148cb0f3e591b44dfc8ae0c931e186fbdde85,584519697502566000000
0x8982a7b1690defe310896768f0852d33b1663382,258180078402193000000
0x8991eefbaac9ae7100085555a3f30ff174aec257,131565550331411000000
0x89c56532c8dae704f292952019f6652eb6cf42b6,27545333902903000000
0x89c56adfd2f193e5a5c9534ba6e82b9575957338,323285942988777000000
0x89c9491635e2be5a773665b495d87a23287ac3ce,291698938211188000000
0x89fd1226a3d619e2c2941b6a174d371bb3cc2990,283998086242413000
0x8a06834e2ea22b9be7775eac6785a1c964bd4e11,2865798870264350000
0x8a0b3defa7824e76f250b5d2b2de19113d96cedc,339431491736655000000
0x8a212f9ea3a625a0348d2b7662f375de4bb37627,722904219526141000
0x8a43e8f99ac07bcd68bf79bdcbd193757fde65ec,61159310943058200
0x8a463ed9f43af67a72fb417bfb2c4047ca6a855b,30671793314180600
0x8a5187a77d3896c18dfe48c4b34dac0a9eeeb89d,85650772817687100000
0x8a556b640e6d4cb16882c39b3b205fd36dd54ddb,125521990517578000000
0x8a81a44103d8fdec75ebe730bf53ac7bd30cdf48,7440590139214170000
0x8a85efb08ceeb7fa94bb3322763bbbfbba154aed,577698295720625000000
0x8a90a67374ced66b6698033869c19b32597fcb34,289161687810456000
0x8aa4785e233167e16f94676c38491b1391d40fa7,908954652755242000000
0x8aa6e3140df81b7b965775d7af3c466362644efa,37626544994147500000
0x8ad34e8e5d9eec5132e64430b072938f7fea4bac,57349601958915300000
0x8ae9e107eafad53e536807d0dfc62fa4af4842e6,3470456613882280000
0x8aec22bc8db042c376ed219bc36ae1af17fdfeec,6108570717087920000
0x8af124f8dc85a0fe43c5a4fde3cb9fbdc03a6dba,3156884444866510000
0x8afc577d35929be04945bf44993b2e66c3aeb332,36448444340954000000
0x8b0fd6484dc29691f1c9216e256945925092ac15,79557008694876800000
0x8b13aee492a857982a3a78a3543650e8c53ad221,18072605488153500000
0x8b1634f5eb88cf249febf0d266d2689a7f1aa342,181212459831023000
0x8b3cb96f798a9ac37b46f2432257d454afa77397,85743243152131300000
0x8b44d5cc61750e94255e14c1c39f41256210646c,1211377489812140000
0x8b46924a0d6d610a46caf0a5d13dabdd25b68645,1535154712954860000000
0x8b765a02a7f7d5d659e0328e66a65e8877be5fba,122106164808286000000
0x8b7cac4855c767a12e92db2cc5b656c0a72df72f,511196555236343000
0x8b9e1a49a4ba4a6051f1dd185abb176884a8e8df,11513919670621300000
0x8ba00be74561cf87ad4b7d69e52d4bbd5b83c7b6,289161687810456000
0x8bb9f9a10559b0ec544fdb86f4357af7b21ada36,1084685328575420000
0x8bc3491e7d5ae64ebb59f6a1d2d19d89b166021d,171242522086399000000
0x8bcb0f003e68b8778c75f40861d54373847ec22d,24894362331650600000
0x8bcef13c3195c59ee104625ec66d54c93b8eef61,1049116608872180000
0x8bdfa3e7c4f0fc2b162bbcbea71e63b5302a11c0,43
0x8bdfc5d2e1611b7565f5d58d5ce4ead446412ad0,130980960436674000
0x8bfb772983cddf4403296d214f19c47778a24e25,643728470147956000000
0x8c002592e11e3f8cc3c2db4a15618c7d67ac6fcd,830
0x8c0b201f36f5ed56d6ffaf918def6ff3a86a9462,265180852919261000000
0x8c1d48e3cdf032d6738129cbfd701d167f2e2134,6453260474286520000
0x8c1f5e4056b0fcc53d6a9231268854db42c3496a,3127218366334630000
0x8c22908e1fa26e5bd070899e38e00b34b533b63f,4156699262275310000
0x8c478616d7f45a05cffae28d6bc8fd2da8a683f1,35553244735683500000
0x8c5810938679770fbe8352eb543a2471f0255ce7,41883327670655700000
0x8c6409615a2ca9223476aa826008d8395da89761,35907528851308700000
0x8c661b3085777ef1bd0b4f565c6a581789a5bde6,1084
0x8c81b1bec0d8046c177b415086f5ded2d0162ba8,32052611345601900000
0x8c8863975372a3a3b2e59d7a7fa8d656420f0ee5,26252904439006900000
0x8c9354c9495812b619b8dc4a790d823f5b9e9e0b,2602229568531670000
0x8c9fb3fb6f8e0a4e6bdcadb53e239ed584f2bdcb,1281256497998560000
0x8cb3d1e9ba08d258ec4e80d4a2bc815e0b07e3f2,132590426373288000000
0x8cc4f1e23c34e5fd21107e46e21e8558f69b635f,466932150029724000000
0x8cd3cdac5f72e8a59317d653e5d35c08b151c589,1703988517454480000
0x8cd61931108bf5e467623b71a06cd2687e43a419,517767754591835000
0x8cf8daa0e72aca8fe5928a943c8c9096d14fb237,4872969481085960000
0x8d4826d55b0aa13e43d912fe04ecf78a8cb6a88a,480214945828079000
0x8d51cc24a8ca14d48982b9859077188a9a819671,34043334499898400000
0x8d549dfa7ea7aba384ec2b98f293e3d3c784bdf9,5461769262795570000
0x8d61bed27fb70b7805545b865f58c0238dafbcab,1284139186849790000
0x8d852702a091f4f78bc36ec2a3242c17f2bbf09a,2906977006781200000
0x8d85cd80bd195e182b825144d58b4ae0d800b632,23132935024836500000
0x8d92888660a6eafe0e3e7690a08373b2414d7eb9,2635503096268890000
0x8d92fd0b59507fc89776ae4e77ded194ea876b6d,20040566101708000000
0x8da4368654eaad65871b23069d1566b3712cb62d,2281253572753840000
0x8da6fcbf183f865e5e3db4b574b79800febdc570,1682257957050170000
0x8db3be4772e13c76fa170eeab71118fbaf9e8045,9658563205440160000
0x8dc693666b3a6f5028e32c54b987109cac717010,3203411870852130000000
0x8dd8aac24fd5775a882089cd4b0dd0fd8960e728,951890528357835000
0x8deaa64dd47f766b561a4ca767a2974ffc56f4ce,164412128702877000000
0x8e1c9f1c1a6b6a1c5ac02ee00848ddd8cee6180a,4135669703216810000
0x8e2d04b6af5fb2df9cebd4bf34813e63af529edc,2802825883409610000
0x8e2eb609f6dba4cb220fba7666d2dec34296d6af,2884520044572450000
0x8e435f391982cffa9c2164ae338105ce7cbd41b0,9243237545620010000
0x8e55381c229479600c0796cacbb51dd053e4996f,36145210976307100000
0x8e7c6faacd4c30b0ea7e1982fdc9d003e3df3336,568
0x8e8ec6222db224c4456673373cd5667c40ee33b7,4744846812906500000
0x8ea4574ba7fc1803eac18c7cf47cfd3e98f4a12f,2474831912263080000
0x8eb6f99ef7bb0bcdabbe30126e0932e87b88d9f8,41138097218033500000
0x8ebcb7ade69fb06c1e9f3fbcc06c0d2653d8fcd6,31002591371746400000
0x8edf99d8a9facb03a5e8dfa9db4e528df1a2a2a4,23692763989373600000
0x8eea53fc41b248af0cb8dc72ec17eb2caf9f32c0,3322777609036230000
0x8f0d1d011ef84dad5810b8f6c8a2fe54efa4d01e,4397095199682860000
0x8f30b11067892772edbe8a5ea5355c3cb59be0c4,51119655523634300000
0x8f4030d8503f30acc1246a63bbf06d380705c183,2408873620026760000
0x8fa04d50abba8d888bbbe57459dde52abe97f83a,2673839387248420000
0x8fcde195a7b32ba1d5c0e5d3a5d8bdb9425c6d58,456059617692770000000
0x8fdcf43ec42a6ab0e73d288f74032f70962fbaca,289161687810456000
0x8fe248c19972559c1c554c6825ce4c724141aa06,1354676682861450000
0x8febb77242f57e259666f777fdbc2485cd5455af,11939065023983600000
0x9004cb741bc2b87877de9d5f819fae5568f10449,404431693344472000
0x904061c0f227ef06bb6b7c82f423a133bb28b9c3,4175109499534680000
0x904741012d539bef640ce16a8364d1c3c2c773a5,3243071622614710000
0x904ee3b250a3bc18a834f839d42970b2f5acfd7f,5489159646129520000
0x9062d54b8282b363e01cf6d33b4fe62e02f542a2,12877721230177400000
0x906c8c05395db0213f92c4c89cad819402290644,14974444547327200000
0x909a61d61c2ef8b06f1985338fe6638fa2f15e78,283998086242413000
0x90a5ddff7dfa68e0bf7ef65e595efbc4f5ab27fd,258053275134732000000
0x90a97626d949ab103b16def656af11e3caf0d77e,7771736720062820000
0x90c3abdd1e90db40dc9fb7896cb68254477aeaee,3324027045147400000
0x90cb2631a7eb3556ae6d197ed4f28ff736233fba,1222896295409050000000
0x90e453f99ef9a3945031ba6346e0100c297e0e0a,759743727741249000000
0x90f8e932e5ae5cb61ba2dab801ac160d54f3fe4b,161445166626459000000
0x9101377cb306f4e9db33b0cd5899ee2db560014b,3627699480283650000
0x910f50d0f8c5faf30d29fb9dd1b7ed65c5a444fd,278834484674369000
0x911c4a2d1b7eff6a565b819c5b4b60f7851c1e9d,634502646284008000000
0x9142bcfb48dc34757d50becb9ae3353f5b2e3578,23112280618564300000
0x9149d8daf09a4b0d82b3f7cc4db2883599666dfc,167842825691750000000
0x91806166cf0e1959c531e2f1edd6b644b3671165,4081048869433250000
0x9189c83390ad0a6a90942543abbf93f6c0489c1c,149744445473272000
0x918c31c58e8f6ed5c06ac09414d810ee57423b0a,37902427005929200000
0x91c6cc609ab312c8b1e3fbbc93b5f2ca1cc61a16,3152585301353500000
0x91fbbad1cbcd6695a8edec5f54cd604d892ad76c,2258144546453620000
0x91fea9bf684b580cecd6c50f12b5f88e9b4c2b31,3175600240690480000
0x9213dc91b318f030eeac9085871939c6c7c58089,1341820580266570000
0x9218b1a9ffd2208b44c2d0e47dbd9708b91e98f5,263343679970237000
0x9226f53824eb75158936300a5e9c189434dfedec,454396937987860000
0x922f8b327bfe78497283378b97d37cc5521907a7,26889185536195300000
0x9246e78a1ddd3a931512efa70d879ab7a2aa0695,36189024922897700000
0x92663621e97c3dc6c770278c0755ea608774a477,516360156804387000
0x927230aa5af5583d456daa7db2d50b696ab6af0e,178092618081833000000
0x9276d681a72163b379c7e64f92b2f9268c79938b,5609496635678270000
0x92f624f3ce15b622a341d60e042c9114184fbe3a,21170766428979900000
0x93002398da076a28581753a1dadd36152594c764,1533589665709030000
0x9316ae6261d4fa383fdb3b012debae5fc35f9042,6062791145103020000
0x93431d3cc77627b3dce2cc1ac54e7d41e41674f2,270407455673960000
0x934aa6f416ac197f4133efa4fb3b900d80ab6d20,92133130035663400000
0x9356cc1c82d5de08deb39082c321ea29aac8f1f7,129090039201097000
0x9364857486c8c8c6ea3c4db4bb4b86c6b03e4b9b,3215134282364260000
0x9374aeee47fcaca8893d94e4c08950fdcd04c2f4,5657800633809040000
0x93772d68384daf044ec016d8b6975360138c0fed,127263381842831000000
0x9379a4e0ca0bdcc4ff2f6641fc582610e0606a17,18347777331088300000
0x937fae7623cd3a4e22b57f4e72ffcd0608ca163c,4422274366958670000
0x93adf181c0d477568aa8c18014ced7fe5074b561,137154865824892000
0x93ae948e9aae99406f4ddd0e3cfd47cd1b599c2a,10177659736365200000
0x93af03366338003017c669b7fd20e34172bfde79,66455552180724600000
0x93af7f678c8965f9a6577e890c068cf867076abc,3452
0x93c35c7b58e56419866b385a5b86ac50c3625696,170502123776808000000
0x93c4423686a6bda3dbfe77811485c0bccb4cee81,1706523797763470000
0x93c4fabaf08ccc0ab7718f17300ce65ef85413af,448620942974901000
0x93d37a0c3e010d3d16f25310dcf52b701416cceb,6551499349880240000
0x93daa900b36937b86c7f1653a580c67fbe4d66fa,21594569785096700000
0x942c80a5574ea8de95ffe51697d562673260874c,580612099737298000000
0x9432a050536ad9bc1a75d5e1ce8a4e678c327847,448214741186906000
0x945d5bcda8dcd9cd8b221fd23cf4b6c0e7e50bd5,169618275832478000
0x9460d60d92e702af6627f8415f59eda29c2bec60,6669605212485020000
0x94860f3e8520aab5f5a0afae5768637d45522130,14149510354535500000
0x9497376f4db7a9c369de42c4bfb88c84e26dd3f5,129090039201097000
0x94c870ad1e2aeff8e28f5d882f1bf50006c8f88e,7663443957849610000
0x94ece1338cc64f7846fa9e4d21fec4b222908a3d,390619331354549000000
0x94f3d60bcbf94f82d83e2afcc2f48096df0198ee,1363190813963580000
0x94fc01e57c8b69b3f3a1a945ba2d8aa763b94e83,37657240941806200000
0x951ea0c44e25ef210e9e039ea2c93acad3f8f211,220557974105394000000
0x952bec2112454fdabe368ee8b0a2ec09dfdf26a7,2735604023445060000
0x95471152238fbc70fd3a0a53db7379f622420089,51636015680438700
0x9549b713d1ee28329854f2ba8c7714d8db9a0941,194143658865354000
0x95641ebc69a2f32131d810b8f317f6f7663e809a,77970383677462400000
0x956d42ffc796016e9cd85f565ab639aed32262f8,1848245135232140000
0x9575295dea3df23b934d610afa6d9dd8a655be5b,4357650396799130000
0x957660dd68e4f7244f75bcbe59445afb28b74f80,5783233756209130000
0x957786413c72d14ec545e40bb287f4cad404ccb2,56531109966944200
0x95968df2746b6fc0b09690cab6f9d012c834d12d,198222402434695000000
0x95a27e93ad8e3e309abb85f93e5ceb856255b0da,504256674728892000000
0x95c150dd95bb44a2bfef5c82b9467064ec45fef4,1788209393131750000
0x95df1595c2c405d95ad3e536b83d6e6b766fb32a,53199016435180300000
0x95f665308e5e1e77dc9b77c26322dc2d1af2cbd6,1238748016173720000
0x96004638d8a141af2687a83bbdc1d829c9be193b,104691168806948000000
0x961b18e499ab876b3da89870761de47bf860489b,61227882918615000000
0x962f5871e8f2f731c434f4c9eaab7e9ea25e8e30,85617470187288600000
0x963291c1ab0d28ef006d2c00598c36c56f8bb0a2,1187628360650090000
0x964a4bce8da9a2dc6e4152ca8db4819e60daaad9,61963583411570700000
0x9688d76724cae7866472dba83056e321fb689ace,7179024066764450000
0x9693200746c056bb3e548b6a25c5fb1d5db2d874,1251966836187920000
0x96a16140cd0c12ca00ebe54bc1151990351cddd0,17384049068194900000
0x96a2acd9e80e216fd873728e1b8321533190291d,129090039201097000
0x96afb1db675676b871329e4b914ccbf6b88f1a12,129090039201097000
0x96b1345cf3f7d77637633cf1a474be74b86e23fb,20255038760888300000
0x96bacaedaa53e064c342d801443954328cb2a01a,11149754781455900000
0x96d5427d93d4cbbe7c3b8e190571b4cb6608233f,141765683970637000000
0x96da5eb46c71398f0c8750a671fcd3dc21cfbb40,21687126585784200000
0x96efb884224b41b09cfd6f4a06f9e35e59dd69b4,2404172890081220000
0x96f7a1d879a5186b37d2de085b6db370726f117b,2484507929191120000
0x970767e7679d56366b781193d316595b9d155542,10152016502176100000
0x974a29d4b83273dd7e6c19ab267534902c75477a,103894694914446000000
0x974acad2724819bbdc16f4678e14575a23201302,1014854252183340000
0x9794732a3dcb563b7bd0f439ccf68099e70b3447,224616668209908000
0x979511d2f41fda4a494e19edd7e7d3753b7d56d7,891980304384192000000
0x97b851c186a4c261e435779a69e80be52d61eac3,8672999254587360000
0x97c43cef8e43a74a463e0bc730c4d63bcabd5b14,851994258727238000
0x98054f79c527f73072ac9df7e66f8705d619721c,725322623121051000
0x980c00a0b98b3d8c5d30c9ad6586f2d63694f7da,217444941992052000000
0x981d8fc19644a307a279d47fa83f8601018be4f5,129422519462457000
0x9821c467a599df190450e1d67a6751690b76581d,224616668209908000
0x982505dee4bbc26372c19dcca0048c5d58e310bc,99399330184844400000
0x983b277790bda7cd426329fa85b8a58c3c31f8c2,7884948551790290000
0x9859932709465aee85d0059bd02b1eaaad31d75e,127330488798086000000
0x98602cdb0d691d59f20a34d95a3923454287e2e7,983990025091850000
0x98826e49ebe9201fda844940929edcb2497b5763,3930822636744340000
0x9887ed051028940119d8cc0703643a69ad575eba,11063461357193700000
0x98e49e4399a546730491eeeae55878e60dab5090,12125864426238200000
0x98ec0bc50841b40492f8f14919dc48809a2d8a52,26465344143913400000
0x98ff7895075fe2978ece7580f74f4025e396a732,6815954069817900000
0x990cdc924755c998ad8bec04da91d658306e109d,36436862843439900000
0x99232beba3cfa0ad7ff494d973fd844c9a773406,283998086242413000
0x995a2bede51fe1b3877ac6fee32a83d2246081aa,318698762524082000
0x99a4a44756ac92ab984bb8c5049e10b0924445b0,102239311047269000000
0x99b58966f1be84f31c5682ec99915e064e7b21e2,535740179244944000
0x99ddc9544d33e01afe8f38c0b3b5893af2e25744,22925002687313500000
0x9a0fd0295bc2692afa8b69f0004f3f9cc037d43f,375662719751468000
0x9a2e97da83296333b0ece511bcf184ab4ba157d3,493950125999076000
0x9a33b2cd8cfbf680f327f534a1bbde1b035d919a,130380939593108000
0x9a3ac16909d69a2de130cbd2bf7a110d5a59c27e,361476911935681000
0x9a4df3e1e6b8951c8c853d17f9b7ddfca7b6651c,18471441866725200000
0x9a63126a7017eb558f96c9e45441ef4195e49976,37590662200428200000
0x9a67e54216b6a2e67127ab0bb9ea3eb896fb6e2f,129090039201097000
0x9a6f82a282e40e66478d906d53e23394bbae8588,575471887672395000000
0x9a8b1ca429e5f1421eb303fac50185da1ee30313,5045381820695230000
0x9a8fa64073edd15e8490e3a71a10a56aeb2b772e,6471643973284330000
0x9aab783c70367d75bf6ca6f8591800c8ce9aa978,13970431265478000000
0x9abff4119b870bd17269ed0e34d4c3cc9bfef1df,898466672839633000
0x9ad9fc40c8dbdd68b28bd7fc7ad7fcb9548dc7ef,164861855573317000000
0x9adaf7a93419147ee2a5952a9c9d6c43c011c504,129090039201097000
0x9ade719b368a5c4febacac84ce00beb037e00301,348543105842961000
0x9af2209c2297de77af9c1b303e5515ca22cf6e41,9036302744076770000
0x9af82b27f5a9e3ee3bf3315601d9c3b0dcf43fc7,224616668209908000
0x9aff40c180cdc39080bf1db6bc34f6dbe46e73ed,115109874477911000000
0x9b268d9bd9e3ec8fb832e7330abd8325e2706911,50574034256360600
0x9b3fa9cadee96c880c17c4f382db30dcfcca75c3,139677487856214000000
0x9b4e6786d5ca0409071ef31acbbc00ecac3fe67b,8609084088393850000
0x9b5a02fdaf363d0c21b62c5c308ee3ce46d277ea,9604298916561590000
0x9b5dfe7965c4a30eab764ff7abf81b3fa96847fe,270484469977647000000
0x9b5eb9ed46387ceada5c7ad543efc260169463fc,11505646869632200000
0x9b89edd0e4de61c4b4168ed4bb1e353b97957644,950102688520071000000
0x9babd079159448ec30e8fffda1095317ca018c44,10003053617010100000
0x9bb1ec57a715d98ac6e4e95f06c80b0bca044777,681595406981790000
0x9bb2fff2d89ab5a9c1168c7074ff478fbf9d2d12,149333367021559000000
0x9bbb020d9c0c7ec25c11fbfd70c3bbb6d182c580,7684032516531330000
0x9bcccaeb8a29d4a23cf69c7f24dbed217e6e0087,103272031360877000
0x9bd6759f6d9ea15d33076e55d4cbba7cf85877a7,1012733843474660000000
0x9c2ec40cdf462f1e321f926add1d435949186374,1647188900205990000
0x9c46551700917556455986c18f7f2dda8a1562c8,325222720849071000
0x9c597da4bb7f29d4099c9a04f80e64eda3d216f4,7654305192725870000
0x9c95ecffdef47f08ec892ef3bbe5f0506350f577,30981609408263200000
0x9caf663a9be37294ed59d823300a72a1131af908,4802149458280800000
0x9cc4e06ce376a06b772adcfa2c5dffbe7fff559a,4599500556067840000
0x9ccfa833c604d4b13c50bc080748c6099f38068a,2121417123098560000000
0x9cee4c5a0fc0f3a960c784b3e15366f8b78842c5,41591842455299300000
0x9cef4e207fbca5e2ab19b17b5f93b59b93755fd9,11325069374060200000
0x9cfc435363d3f77c4129e6757dd7d44bf672691a,70
0x9d09ca48b966da322c634658c1ba7c34cd13857d,33092785464381500000
0x9d1d0255f1bf0b85db980df0a32b2d381597423f,463938852467325000
0x9d2084b37d0fe7c3ae45c98d6c2a395bf01dac92,5316213148898870000
0x9d2767dd9abcd99c11f70378c89d5449ce0e6298,238
0x9d2854fcf6eebc7eca99f0c393ac6fbfa281773b,1197955563786180000
0x9d53a9b37e017c062fb05a0dc299650c759e3ef0,511196555236343000
0x9d54839c41bf71dc1e53ec238a5abf02f686f999,138904808281073000000
0x9d5d5e77c7d087cb9e54ee1d67f6f98e2787ae71,632024831928569000000
0x9d6cd9d45125bbd205da5227eb18f3c3374ca07f,25228574580174900000
0x9d6d35fd850d4d21b22b6b864e6e6e0922798139,1210186632504250000
0x9d9436456a55505df3d131981cbb73a9672cc774,5916000782813790000
0x9d9fea68244ce53a80a84ae97f145a4bcf29bbcb,41828905266200400000
0x9dabf324edf9337ce25dfaf69bf9fe62f17037cf,14590823388124200000
0x9db7a795c6e3ee2e9eb278ffd804fb09f2ff417b,29673372414240000000
0x9dd9ef77bd909b6386e9ccc8ac38d75a0e6965ee,4802567710007810000
0x9e05fa03318a1db76455b53b76edeca76baab9f5,405907812517675000000
0x9e0db78968f9aeca2fb82a59601d0465510cb98a,1704
0x9e11a9a6ac48a3a6ad32b749ae6bed738188793b,15415499883792300000
0x9e23b76733704cc301b6d15766f33607c1c37a02,292170375034350000000
0x9e23cf319129b005d3cd9773d625896124232602,215414564050085000000
0x9e29e005238a006d664ad032cc81b0ede99f96af,705386337014507000000
0x9e321aecb32c2aa81c8465a01f2581cd3ff76b2e,5274763428978870000
0x9e5bad26ff3be024acb056004c98ee888e5c6233,299488890946544000
0x9e6084518448162987c20f4abf2bed9f271e6e55,519307478548316000000
0x9e75248768428ad52d6935badac8f60c00b95935,8542147693447340000
0x9e7d354b9c413c9bedb348955c1b2e29d5e916aa,6250912060460980000
0x9e7e418dbfc17bd0ace9475c7b3b6f6605436d17,6322187742665770000
0x9e85ad74585ccb4441f09124f8a3ac11efc49372,1257921143826910000000
0x9e926f58821aa86f9ad6ca4c3624a7bb48e25910,3201465986142660000
0x9eb03e00759071a0171689f8a357527f2bfbe81a,129090039201097000
0x9eb6a31e97554be3627ad6aa650a435f07a99835,152669408670893000
0x9ec48c2f1b671964cf2d41e216227482159e8362,224616668209908000
0x9ec7c9cf7403d13aeee05d9f5f4ea56fc4f96315,593556000246642000000
0x9f01898b30bd20bdc0a9a9fee0ec3783917c4770,503786786986200000000
0x9f14191165b346b836e76a88f0dd780b95ab6663,2879740594498060000
0x9f373885888f4d7f9e845c827093a4a3dd4e7929,1997119726842330000000
0x9f4cb6ee90a4b473baaeadec34b68714dc7e81c8,518463826492692000
0x9f4ec6e9b1358697dd79e7ef05c6dbb8f71d59df,25521636245909300000
0x9f5bff4f6fadc655e9f3b0803b69b2d4536bf095,1290900392010970000
0x9f67c78f84ea9e5a2b5a143ef4b6afdeae884981,31186345330285900000
0x9f7d98fc341dead8f8705e5d175fc7ce576ca4a7,100690230576855000000
0x9fb96c6556562e660811c99da2351d99dbfdb188,14499055912128709000000
0x9fcec253b5a040689c766f1ad61ea62ca0bb104a,594751060012288000
0x9fe5829435eb70d4a3c51f8df130f6aad3475efa,29768490293197900
0x9ffcd637b20604570932a075d1112417287bbfa3,94679571920200700000
0x9ffef12b090e0ba6fccbef868103a5baab1ba700,795362274958326000
0x9fff14f3a495d90566621ad876ccdbc82aaeda18,44216848469177500
0xa0074715b46cec3663745b8cc8937b49323ccec9,475051344260036000
0xa018d46a77adc0d4bee01689c32f37f671b8e96f,6490301375198910000
0xa06c2b6f1975228ab2c448cba0f2ddfd986f46c0,9939933018484440000
0xa073c8f36947bf5799cb39bd05c0905f3d4d9c7c,104215435965582000000
0xa0768eb6105ea16e844c5b761c92acf1b2cedabe,522725847848939000
0xa081f87d8b45f26562f54daf28478b150c44ee8a,1275569513646050000
0xa09fc3beb9e8cb810d94a9813cf806ce98521994,35289902287455600000
0xa0c78baacefce683fcf503274df19e9097a56b1f,34057919644887900000
0xa0cd89ebdd3c422925696bb1baefb6c3ed21d8f1,2980917535069450000
0xa0f319087fbafabe45231f1543d8e98fdac50ade,324271809260034000
0xa1066668e85a72671e75da6a0202156b2dd11f02,29824036813814900000
0xa11a4e11c1d78fedb761632c1fdefcda98c9f96c,150373578367886000
0xa126226148d30a9b76fe1733b565ad4b5be771fc,5168635706630970000
0xa12b1add4be03f9308f27e1241be9a3a97565fd0,3687007763312620000
0xa12ec54c173c9b89d5c9674229d8be387fdb65f5,43859222665206200000
0xa14dfde21488c3bb665f3f742b5d2b70801782be,139417242337184000
0xa151fd9376b7f00095b336ca2ba4f0b0748515c4,175355909250770000000
0xa152eb75aa843f5b3ed32bb21991f740efb97e36,13143018343173400000
0xa15c279b9eee7660cffa33da62814159d9dd0b55,475051344260036000
0xa17b2b66d02e49056f7f94f9cf9af09a8dbccb4c,129090039201097000
0xa193de0e7a4ecf1103e05995c83bc107a0dfb802,442861524409690000
0xa197fa58c643a7c70fdf6b1008d02742e51fa91a,7483349572487570000
0xa19d373842d47f8f6411336112cb94237bd7dbcb,488141568373572000000
0xa1cce40ce16f9a81616ffaf49ceccff425279be2,559734409975955000000
0xa1d2254306f4e40669a26cb9c7f48c3afa83c1fd,929448282247896000
0xa1fd71f1d707f6191a1d6442aa3dac32495f71a6,4013669966869460000
0xa25570fb4a9b443c272c445789cbc8699435854f,39087657720299200000
0xa258bd1fb6257fe1a33c3f56646338e1349db184,3525048614359980000
0xa281421bb76d1aba00d307a641c576fe15c57b47,28269964699211200000
0xa29609810a7516bda18781197e083ba20489b458,1680614951847990000
0xa2ae72d425ed43f9648a3a7c9896c9c2e0308de7,5592209110631150000
0xa2d2a5a210fe3c33e42a5b21aa920b3f975b38b9,2839969911621140000
0xa2db5ff56bedf38b1da7b971f7d5bc043d1e7947,5856716798053140000
0xa2fc51d158aa907a53897d37e0b785f712164036,12125227401214800000
0xa300bb09e4e0e8f73af042c801a573b4029e6e21,129090039201097000
0xa3080a0a2d6f2d71311b3840d07d641f0ac7e7ac,504256674728892000000
0xa30f30f100d9e4dd294c8475316d3e982e87880d,276668655370906000000
0xa315be16a1fbe0bebeb771035d44dd362fbb1aa8,13344670802863000000
0xa31978a297a8e78e7c8aef86eec055786d65804d,1158541374420110000
0xa31a23773795ba268c737eff36f8f27add00ab65,19197188516386000000
0xa32d657a155b10ee638773d8dfb804a294720687,2833152424345490000
0xa3509250cbd5f40597efa82cbe99a72a39d51b55,294509785668676000000
0xa3c49dd4ed71737969da11ee8e1692803a9ce21f,23120715749995300000
0xa3c5c8b6e5beb9d32cf14593d85a3f3305c6be89,3876689914587000000
0xa3d752be4a8fafbd371151cab6cd8b316a8fcb63,39784380634216600000
0xa3e39e7045949f5d99c1c557cac88fa3c75a429e,30030810663119700000
0xa3f5b2be5de42da0d196dda0ba3320bc8b2f5eb0,209180990263921000000
0xa424ae230bb408d46820f31cde902c74ac0e0f5c,35778985614245000000
0xa42d8da3ca9a48cd06e3ddb0f840052061fece1c,4189663610394600000
0xa46028ab01dd1ba3839c835f3f6fc805413ab0f8,722800947494780000
0xa48806d7b65664a3377b8d7f7804236bc5ae806d,6257186853956910000
0xa4938873409dcb21180bcb5af7b8008376be561f,519794644627730000
0xa4cd35146781f26e54d124edf1ace80c838b9c3b,178822176105059000000
0xa4d3ea01e5205f349affa727632d6b8b6fc28da9,1910532580176230000
0xa4e6a0c0fcceb4c41ed4485fb94d8201aefc1ef6,140090665824930000000
0xa4e7a1fd364c3c43970fee2292a009f8328c8ee3,821562707362174000
0xa4f249527a8f120fabd2bac68cd1b9365b4fbfad,18175877519514400000
0xa4f4b6889c2094bc2ec3e216598a58f5fa4c4a79,2132619083617800000
0xa50b330bc648027576c785eae141c8b2a5f7be54,149744445473272000
0xa51c2abe7f7f72b09330f51da1943db4f7bbba61,1807260548815350000
0xa527f986d3a9ecd617e6b760b689756fa27e79ef,180726054881535000000
0xa534f5fde23872dbf19b66b0e6a9773af3d5fff4,17696740519003300000
0xa5405f60e8bf8505a7ab3b71e1b943815062560d,741336241434502000000
0xa54ca2ec0c56d944d1b07590cbd236a428f051aa,31162335463144700000
0xa551b98e4dcf1c02e114fff359e5a6ddc24c2421,8029250563122570000
0xa55d80095f811c3b353e7a39391dede75ae0d25f,35095923907618100000
0xa56ef0244203728cd8dbc32e29f8e8fa139036c8,186
0xa56f54c2b93d1ce38112d95c44f03ffbd949d3cc,8194016056297450000
0xa57d43e82f2a89f0dfb624e2b703583de41ebe0f,13810740671803100000
0xa57fb701914f157f29d32e39408b020906052a86,227198468993930000
0xa5bcbbeb2770d7c8ce8410ffe746563222945d03,2843677786247720000
0xa5c4c01242a673734469124bf42ea0ba8a893255,299488890946544000
0xa5cf442e368bc2813c00fa9e7397d96405375af9,2768691462634230000
0xa5d0d51671645b1509a29bdd4a282940a6de8e76,1977482922894000000000
0xa5d4f0218edce3ab397e0da3b3182e7d85f2c561,282491321890307000000
0xa5dff29bf5e20e361271d3ba67fb13d393b4149b,291261389803871000000
0xa5e36085f1fd1b76cad08dfb9ba479eb184b60fb,36145210976307100000
0xa60221203ff93430457bc4f09895c91bed023728,319700042386437000
0xa6208773e0dc775f4f1cf859273054d0c12a6257,631848099454208000000
0xa6259dc4d9fbb11012f5549ea23c865fb71bc6f9,3624344420052010000
0xa62cefa89d3655f625dc68b988b223ae469a26ba,361452109763071000
0xa6382cb8b15d19c51e6091082a985f5e8f25e915,637971028950266000000
0xa6644ed799ef46a1fd31ab04671f76a41611d814,1804318613805370000
0xa66d4750f88ac31fb30006c249321320a0ffe86f,13975925438914300000
0xa679c208236bfab12ae5c5b3ac5e747d25a001ba,2504863120658080000
0xa68156af6ca8d41e5a22b194d23cd79a2adbd800,4980616040711840000
0xa68624f837ee7cfb7127b1f77614cc15c5ba4581,1068865524585080000
0xa68a4f5fe37b89a4d9c1cfab52b72d9f4052e634,3356341019228510000
0xa6942761de478f62957f0e2968d35c3a8180b11e,4505413884970910000
0xa69f1bada7a2122d4e6825d6b088df4814735631,915520716524493000
0xa6ba9f1446b3a0457e664cace27d8f17f48857d1,2020688211151010000
0xa6c46bb59b7bfa4937375eab091db0bd8d3c3535,8005414156495220000
0xa6d130dbd5f93f3ffa076d72d5dce83eee10a2ab,174658823039084000000
0xa6e7fedf8080799b56223d5024d28d2cdae16027,78644750042248900000
0xa6eeda1919c7c070a3b7160a79c438a818f997c6,151479415600135000000
0xa7057b1c370c4e235577d33a51e6eaf6c1d00c9f,406367682632799000
0xa707f03059bd375788447d883b7056b9d3ceb258,364605586883296000000
0xa71b5cfbfbdf7f25e64a8ac13658354cdc237b93,851994258727238000
0xa71e8c8ec54888a342586b342c7e86c4646e255f,132187442655601000000
0xa72ec7ef5f63b5d9016aa95e2dce0bdbd755faec,4185110528823970000
0xa7352c258cb28c8972b8b24ab792e6552bc69870,17461609030132500000
0xa73ed87199c18c52467bffe7988f309266793753,4064529143802420000
0xa744767924f50c946d1f3b64a40b404cb3664c99,18670179904101600000
0xa75f3902ef9b5217fcaff4a910f60a20925e450f,6650613843603430000
0xa7659267ecbb5ec91a14dd3bfdd538d3f84a8034,35484425654636900000
0xa77a26cfc17f0ebfd11c42bf06f0bca2741f3a70,86013849308207900
0xa7a90bde26a3cb6132d07ab1fb0b8845c1401ab7,151005923519290000000
0xa7b97aed602643c0ddfc82c152108d597452ebc1,28916168781045700000
0xa7bc4f5d1205161856efca9142a798f1d80c4319,2548024271922820000
0xa7dbee7f9ccdd8c91b75067cd31cf0b6d594fbfb,10069027926724200000
0xa7e471134c447a473d82a156d9f242fcef8b929b,1426535444019430000
0xa808903c900e9a51a919d0c91cdd086046cbf671,139661576219162000000
0xa81ea58d0377aac22c78ca61c631b7b0bff2029f,3005721510537090000
0xa8286ab299d2f115f0c998ddaa8b286efc6a3e07,11933859487402000000
0xa838387f798671889dfbbb3c7a72e8b39541fdda,14052762131850900000
0xa8464163c114fc35bc1ff4ba7de7e9567f9379df,97868240395951400000
0xa89538f7ed2a93c9de110b8d58092307ce712b02,26206238190306900000
0xa8a762ef90b1482b3aebde95d1a643f6b38ef1ed,259903753946168000000
0xa8ad799c5c82460fb67faf214c80d62269b09a9f,4695220203274290000
0xa8ba5e97db500655c18a8aa3fed6da5d6c8e868f,126095150291631000
0xa8dae124096797d15c4041c43f9f1987b27a5fe7,54313239821438000000
0xa8e65865ac68e8936eedd07e929f9b00a0de90c7,985764276573515000000
0xa8ebfa9253eb37e0e9c54ff44d6c29c28dc5ca45,121015553674342000000
0xa8f6bea3b05eee52a91faaf859548473391248b8,13584506277241200000
0xa90ec5a79277df482d344c2a7d95bad9305f69d2,4866289861751180000
0xa93ba26e8ccf94cbbfa308a7ef2d4f8f2caf540e,14199904312120600000
0xa94454d6f5c90ad18a2849275c04229e8354f391,76168286730215100000
0xa97e3d39843c3454a4ec576165d6ec1d9ef5e1bb,57125974690544800000
0xa99bed15cc0afd4fa13b0c89bc3d639e420c4bf9,9775453783686220000
0xa99c3e0e1d47cd2fb62485a41cab8ca8f997e35d,180726054881535000
0xa9ab5a5e281d2dd0ba54bd1c3d95206ac7568cf0,129090039201097000
0xa9b0c16b23f036e5a5caa249c301f1ff431e2a60,151276016455042000000
0xa9b66050b923856e74c7868d266187b852729049,524998862227724000000
0xa9cef82fe881b4f3e64c441d694f20c763bb0d95,604717306174420000000
0xa9dba1def83d92bd2ca313dd449b514663a6e4e4,10543345694219200000
0xa9de539a8965baf21a19b95f802fa59c19455015,324945870030035000000
0xa9e3cb8c8496d0ed9c7add3375d32fcf20fd70dd,660941000709615000
0xa9e8a657487c0a234f1dd79e52b53d9810f84baf,1234479238682440000
0xa9f3830d57906c78eb5da90bd8eb442b041ad1ae,41825172701155300000
0xaa009096f4dea44748ae7fcb173f01ef92384269,20
0xaa06274ab962c7fe31cd3244b85486ba02294844,2269638681719870000
0xaa26cb9e66edbaf69fefc3f0847493fcec923734,64395278924818100000
0xaa3c2ffde0a2ead16cd17dd820aa0cf4a5a308cd,1350447810193180000
0xaa45c7c94d3dbf09e156906d606d8bdcce5c40e7,1970314443290050000
0xaa613983fe3b8f56ffee62b0b5eee298ec411b74,1748883461370850000
0xaa63442d1a0054ca5aa5fa56ed5e4dee87b504cf,648822600643316000
0xaa6dc278f8798de8fb00c43388428a8b756411c4,5259756651245710000
0xaa7530686b5b9144d56b47d058dc0330ce1ec95b,511196555236343000
0xaa75b8c9e01ac2e9fc041a39d36a6536540b2072,44282117599261900000
0xaa788ff2f5eb331f82a30da69a2b3a18f61725f0,616362673330218000
0xaa80fa46977a32fe8f69f0e3765cd9197c1e288e,27490472878978600000
0xaaa3bdc6563c144ecc0222a7efbe88ab9da54c28,54950610603896100000
0xaab94954c6cb8750578e77bbd2ce603a9ab35a25,4685045528550680000
0xaabd24aeb217e872f8a58968b550e2dc945388f2,646482916319092000
0xaad859940475f3c088477b59fd09c614ceeb57b6,5069372809131860000
0xaadfc3502754decaf651f21f716acedc25b0c133,74593190692225900000
0xaafd308b535be3926c2a8ff22ce9f9039107d2d7,597319386560366000
0xab020ab81d5d190a83880c0f24de769be58928b4,1023381268361670000
0xab068b99e95c96aafcb007b36c919d653ab5046f,449233336419816000
0xab0ff351f6df0197e8dd733eb7d00da3628d9e34,54
0xab33bbb308bdff807f2ae3cba8ea4df1563b9415,14077617505160600000
0xab3f19f5ccb7e4780f0daefe1781bf9cacfae973,73489039407808900000
0xab4a94857367aa0df7818b9f52ebf514289906df,165143858248253000000
0xab65f166635fc971fb0e8aa9d0204ec21cb67b80,6187584349332790000
0xab983528f2a152a01385d67111499abb7166c488,14594912058816200000
0xabb98ee5c3dccbce63cac4fce83b55889d8344dd,3859469630361240000
0xabbdb0624d25bd1cb49b1c3bfb0d2e4ea5c30ce0,748722227366361000
0xabbf8a9d5b5bfb455890c6c79c139fe1f6e95d42,57596391952041100000
0xabca46c0ceb48c9df280b20d8d097d45290d1c9b,2737163672203570000
0xabd64f6f5e91d42379f0d2f53606b98597aa1721,481228498026491000000
0xabd9ccebd132d2d99ac97cfb95156bff9acffbdf,93448485921736600000
0xabf66b500b1c8027efb51910dbda297a88d35972,7179412007552410000
0xabfb9c6e344ad3b2b41c18e3821caeab83ebb390,16032982868776200000
0xac05bc19982a305f158dbb0855b163f949548811,1626431025685600000
0xac111e501bf5540e2e9339e20bf5f42b910c3213,185654996852107000000
0xac17c6f9a345950d8b5bf3eeb6dcbf7b112113dc,59576666775469100000
0xac186b1fd840aa1ca0936f834af77017f5f4ecac,5056313269871880000
0xac318aa66dc5445d48fa01b5a6a4fcec5cafac6e,1792688574391850000
0xac4ba08898213273b62045d4031f1273e33f4163,1799515146463290000
0xac58e8b170491cd5b219214fcc96268cec8c06af,29440048355221000
0xac84b87e80670c1cdd88d177f1af9ae0beef4914,2557024380005540000
0xac988b93303bdb8b16b4971b089a36bdb2f6e127,376556811145352000000
0xacaceebd6f6f224e9a9f0a62702aaaa0a4385fbf,34469516089063300000
0xacacf1ddc60e7d8f7952d1469879d510ce2d25f6,20251645349868000000
0xacb43f6ff53e3c20857ee47e78c3e20006c2cd1e,1255227766928940000
0xacc5c59d3644477de86337b820e3ea58f9977e9c,8519942587272380000
0xaceb022968d5351275d7380ceefa7211764a5376,154783781311334000
0xacee405817131e247282f03569cee69d58295009,9998238528745000000
0xad098b92af9a7347cbedd3cf02819a35a76076f4,8752614473928440000
0xad0a733ae4618c460b4fc646d574e5022bf2d08e,227198468993930000
0xad1f2cdfb1d3d596ecb7fc869d37c02954fc672f,2943252893785000000
0xad25005f53ef1e89bb5f53c6a6520b1c6bbcf998,129090039201097000
0xad334dfa23a2b06d31d53092b9e429bb2eee99a6,14508218419497100000
0xad5205fc6ec6656bfb1d5eaab8a6813f962e5ffb,1739828799562820000
0xad5fcaff8fbee929607ebf82664d6e3b6ee496a7,588241063305186000
0xad94821279599cf33b13f598c385f85cd98daa8b,95728193280494900000
0xad9c31757ab2f8c4247fa3bb578946dbfadb1c3a,22380817590806400000
0xad9ecc0ef0fe1f1b68b9b496cf5f8a93d47fa1ab,112475878078125000000
0xadab2b23467e90b6e7168a5b3b2f6e825b96c9e7,89583210106587800000
0xadb8f994bbce44db218dab4972f669643a6bdd6f,23812446341941500000
0xadb9c4d8c481e2174a76fb3de55226bf40cafbbb,1729806525294700000
0xae18ffbc542a27197b2edee3066dc90220f779e9,1001376156608270000
0xae3509f122e05cdba014b3dba497153795cdd18d,122478013450067000000
0xae45b6a176971ea41f3047ddd1333aef2ec9f8ef,10547138719344600000
0xae4a1f18f2461ba512231d0a4198da419b23edb3,314979695650676000
0xae59e3bfff77e84b6ace014e3200510f874437e8,6729191473607840000
0xae7ed921892c0c1b7b6ef95f4b1ca84e70a0f6db,51713450610937900000
0xae99d2d0ac7ae577968900f744153f19021999db,17052751462071800000
0xaea3230827a775f14553c1ef254be8f7c37b59b6,170502123776808000000
0xaec034d155ccab7f710fae87e00edc929a16e60d,8285469994389680000
0xaecae42516e36b15c57baffd2ab54e68c591e459,248685463590016000000
0xaef687879daff0372fe9a77d734cb39c3a4d8f3f,1187628360650090000
0xaf1b75568c5649ae543694109fbf93f65263e19d,200369113905157000000
0xaf1bd9978bee41b7afc972e4bd7b2269e601b454,511196555236343000
0xaf6ab9e64f0dc20f40f7cd6e342f0ab4ec2cb4cb,9201537994254170000
0xaf8677ec8c7485cf1cae958c4dee45a1b5940a3e,2613010412635700000
0xaf9118103f6fc3f90ef6e7bf9490261a0ae60399,99661612110860300000
0xafac69f268d128d82d9e406f3e7d67681337bbb1,475051344260036000
0xafad23220a446d8e5cd2560fcdd46da0c12e8b80,32016999611666900000
0xafbe09137f288e9b63d51a05f406d471e4776c87,2581800784021930000
0xafc47d6c7a8f5c20b6804b98f357b374d846dba0,729962543775573000
0xafcbc05b070fc9408842828da1024211e445d523,15019884241126000000
0xafe46af83f9a749e3c96029472946b197034f829,52370215794329600000
0xafe72b993c6fc78e5c9dfbba25657b20188d617d,8
0xb002e2add51b3dc17f51cc95c3b49c703934d901,13044600097286500000
0xb01add5848e026b8b2c964557189a7456a8f73ea,524621919313257000000
0xb03db2594a622142fbfb768c5a53ce1f450ae34f,4275136744675100000
0xb071b82df074e4f5c132e4690e565f6f2975a784,903630274407677000
0xb091af6bb62df125dc046d50ae0585c1f12f2ca5,53786764218744800000
0xb0a667de94fdcd73eeab51721fd391c0374f21db,639153760771317000000
0xb0bedba6b06568594e9bd5976344ad515d08a59b,131423561123330000000
0xb0c388139634f5c8847eed9d4c3d8a854f7f3b50,10819441009326100000
0xb0c5484fa97f3c531df49fe230abfd511cfc17cf,1439
0xb0dc81446ee5dc0cc8132da1c6a36b927de015ef,5576689693487380000
0xb0f161ce2c4b89bf61e38e0ef46615c7d1202b57,352793815755418000
0xb1044612fbab4cd80224d02153f31124ea81b57a,3464055485339170000
0xb119ea8e7ed6bf2e30baec725d36393d60a9d057,197765940056080000000
0xb1206f6ea5e62d37dcefe11fb4ef0c9ba531ab7c,10063
0xb14d2f98cdecb4e163aa268e08feb0b7f129d0cf,26384697914720600000
0xb15d2abec2cdb7d41b30c4537203ef15a509fbb5,10849315070086900000
0xb17c66e62c75361fbb6d55529bd41313f8faeabd,32884336583090300000
0xb18c3d670767d20ab8d0a4d5724d584d75f42e71,13846610692835100000
0xb1d96555123e3462caa668a1001c082a5b28e523,34079770349089500
0xb1fdf1a6c3c3eb72900eb3f0d0fd469c14a2fb18,17241265635698500000
0xb2048d9115fe5c2ad9e89c9625e220a68761e5c0,2386228169952670000
0xb20ec6c949ef1efbf6588297016794d7fbe1e8da,255583231301986000000
0xb239898afd92639cd0f2b556c1ec9ac047fec622,635796057237241000000
0xb2399a666a7e80865e1d15faea4743f1390ad62e,92364806100624500000
0xb23a1c74c07a4c6729ab3d9a117b3da1e4eae25d,21780178396927800000
0xb241ff4c546c385526bf5fbe623f470517329220,14444643810366600000
0xb260da19ae50b0928ad98e3cd0adba4b88f327de,1281601666294840000000
0xb273c323899427485a2fa289f583f46c07aca2ec,153003226053785000000
0xb28594d27fe380ba3b5cfd70fcab2248bc4da616,9796438873836170000
0xb291cdf2c1b12be741edac74fa7f18486d3f8c5d,144322663826826000000
0xb293d010257a41484dbdf0699030a0661f0b3446,18072605488153500000
0xb2c33c91d3102f3c3998bae1da8d7fddb4d56599,646086558737109000
0xb2d13f26acb302a190c498ba5751df3807eba78e,154804775009955000000
0xb2e37389d3600d6137e0e30218cce7272c9e94b3,511196555236343000
0xb319d8f7e603c372d0135c145dd8b0ab77c02aee,25457361880249100000
0xb33dc0e1a1f4f2ba9cca70e0da5954a9f398fd06,21214468233540900000
0xb340a3fe97a7e9ef1536d1df6e5b6da8112d9667,23064798856970600000
0xb3455c1b73ef70d9180c7d7789f23f980cb6c361,483230918849436000
0xb36b337c25a0503cd3c4fd6216bf8d62413a3227,1037266965162470000
0xb3cfe21f083c9c1350fd2cffec6e0d4bf1d48e6e,4409540189384830000
0xb3d4d2e231fc0e5de6347b4c6b3568f8345b9f08,165232978192714000000
0xb3ecaf737f2c473c9771f2833c0b2aeba58a051f,68947021759007800000
0xb435653ed3a6352c51061df9505d7ed79f0f7adb,45370388641809300
0xb45a1f49fedcae02508479eebc8e6945ead2958b,529837156896981000
0xb464f08d48f66a354a25c5f4cf961cba006383d7,371043827869353000
0xb466e8150cfadc8f3362e87ff421762bb45dd3b4,17898745849434900000
0xb47b10465b58e63ce4fd510aca03b521757d3bbf,152094855370491000000
0xb48abf4add481e0bc37f05f390e062e302e822b2,475051344260036000
0xb496502436a346b8d292fd311d7d5d96e3c87946,10493279120980000000
0xb49d485c36f96c572837b703665e96b95dddc921,24917815635114800000
0xb4af6a4ccf24d3a2fa3ff854e45c59d13ab8f10c,2261864030865940000
0xb4c40c87f222199591835cc8d593d73b880b213e,6401415769965740000
0xb4d34f51abf2e2d83a0f245714cd1b2a2d92b4cd,3624848300766790000
0xb4fcdfd060edac78d4cb98e08722d8940df7a914,625003915494496000
0xb4fe474d93b68aa5ac953184e15691880cacda8d,31497969565067600000
0xb50ebf7012711dc29d7f381c2762a6dd33ee719b,990289019197524000000
0xb5187253ad9e7b8de8206d40bbc6546347a5ad95,152472944305129000000
0xb51d55efeea27bcb8a33fdbc5555f827b3528ce6,45781124972372900000
0xb51ecd588c661681918ab4b302c79500fabb0043,155289837886063000000
0xb525eeca215685a6ce0f43fce842b18494c9abb2,77
0xb543cc42de7a5b2b3c4bf6d7bd7d5f2232909411,130355121585267000000
0xb55923e79d06c511de4bebcd472da0a927131c1d,131758354283732000000
0xb5596ae2ded438e36d0b52163bc10ffde4f6d5e4,20468752157042300000
0xb5619ca0bdd458ebfbc2b8b4b823e23d5717ea67,1170862146358650000000
0xb5717a5943b916f256740a89a5a8a78ab535fa41,143211444677136000000
0xb5750a89f5b23ad981f0d07f2272b72b78a44692,12419248783015800000
0xb5771f85dbdbe826adfa6dd71284a6043fd50a00,46724759321025100000
0xb580879510087728645f1c922354fd0e593f578a,1291
0xb593d28e4fd3a19f5664092af4530e4fbd6e7ac0,4080234858250160000
0xb5aceafbcf35877581633ea717ffe8314080e199,621292157048460000000
0xb5c24728cfe6acc172c47f664fd1a0975f124919,103
0xb5eac2a2eb57728275d84b126d9e6e3539d61f37,3502461573123900000
0xb60654233c0e224d2e3e09f69c7b4f4dad95124b,562316210759977000
0xb620deb1dd9c32cdd0f547d64155eccbb0083831,153233056098552000000
0xb6486c1d1fae074fdda8fa8a18717adfc5944d5d,299488890946544000
0xb65696be7692f0245ca15896d1a18335a7984800,22757667467051500000
0xb667f63ca694ea22e9b83bc8ce2bf156c3ded0fd,2615909594466240000
0xb6688bfd39fd960f393f70e1c5a41d682153deb2,2753989809814760000
0xb67997b93815f291a6edaa7e069b0983a370138f,108435632928921000000
0xb679c59b7ebfaad6fda1ba32022101d9d54dfcb0,1060723411677040000000
0xb69bccf23d5293097767ac022e3c3d543e838d9d,5208093922411410000
0xb69ef14a5d712f04579d15e0b898c3cf76b2e86a,118831914493334000000
0xb6b4dc3e6dc8819bf1330189da7bc2c2af4692b4,9552662900881150000
0xb6b78efe928dd52b8f1ac60657fd00355a7d0815,20449807751761400000
0xb6c1f6f3c89855ab1bc026be6c42cc14df22aff6,475051344260036000
0xb6c6eefaab31e409ddbddee493a89d676566a726,34045159099095100000
0xb6c9a522a303bf3f3988fd8e3efc2383060f4cc6,4853785473961230000
0xb6c9c404dff9fd98a40bfb37d6b3f8d6cd84a373,593709110125721000000
0xb6ce02eabfc53d761a99322e67bd17834aff6fd6,2474
0xb6dc5a41dcc7580c91c93a7904f39d0dfc6f7521,9755080425635510000
0xb6e34a8a93031a24c264be59d0bac00bcaef9051,2225271544648630000
0xb6f9edbf06eac8984eaddbf9bc6ba31acc8c7448,30492189659442300000
0xb70233cbf92a96c2dd826d1e44a74ace89dab93a,1263740870349910000
0xb719087ca06c153c6eb953ccadf5d405bdc03c8c,191217335381785000000
0xb73902315c38a748ab6b9e4074f932c706f4a49c,2453762103248270000
0xb753b89722a1969d3850c37d05333ae592302412,2296336371071680000
0xb75809b7a961f5cfd72c46443311e21a9c51010c,173958639515036000000
0xb76e4a9932538bbad705d2936d0db755389cacff,826943965906952000
0xb7ce1f161c40031564059cd0233c0b041ab8a7c0,873641045033217000
0xb7d161708e693f8800c16e9b77fbc3f6f48e674b,475051344260036000
0xb7f3a83c107e27cd36d008d7ed32376b4127b2a6,7745402352065800000
0xb823051399eef36e48e7d6635ccbd73fe0e2fdc9,14000979375362100000
0xb824467e468c546fc78ba6302784a96b73299ee5,174144266112079000000
0xb86405748ac1e931ea7b5568852d870843f65a5a,17369494490509300000
0xb86e4f3a99d1f86b50eff205c322187d504084c2,19221703919453100000
0xb87fcdccac805f2aa8ed00fbb314555a25f980bc,20654406272175500000
0xb89567dcff1d389a229dffb7444bd0ce30cebd0c,20809314319216800000
0xb8e06ec74c3960702499fe09d18cc79309ed919f,2985836191592810000
0xb8fa68f6285c10add80161022fac3243ce6763db,2342385822915960000
0xb91658610cbe4fe2c3b779898ff67ad58fc52179,28974986249224200000
0xb8b3a71d75c851f18df5667387cfd9d09e7541e3,45733162044900300000
0xb8d88d3797ec69c3c5d3926d439252cab04a9e97,32421235180177400000
0xb8b2ce0c0bcd97462d49d6baa6e598e68a473f9b,51636015680438700
0xb91e1bbb2afc118dcb4c62b8d58749707c4694f1,1805507816813470000
0xb9393836755de736ecb99e503448bd6f2474330c,5451866620875730000
0xb9500bfbbf670224d51741a662565f3b30e47945,39330120423476500000
0xb95ca2a7b04915a2e7c52506469f86b058d5f5b6,48068281021571500000
0xb964098e18b72b6944eadf429191d6946bb810b9,2087849224928180000
0xb969a8d3e86e2dc58cd522062ebaeea2da01aa61,6062502364999120000
0xb974e45153d940d5aaa45f39a1d7b421e0f88b0a,346100602199546000000
0xb98134a9eb95bc78eee95f05818ce0cc8697f5f8,7698568485843640000
0xb98f23ae41954edcab1beeb4de3f3cf1049b63a2,27839939485988500000
0xb9a0c9d0200a08af16b4a149b3b9d45758ad29df,480718677100613000
0xb9a39bdea5748380ec893d0b2c35117326636219,258180078402193000000
0xb9cb168be58efeacc6b755b119807f0e3c24a1a4,8393991481192200000
0xb9d1f1f5e28e15aef67dcba62426105d15eeff2d,1719131333049560000
0xb9d658e26de2f3fc3680bdf7e0d7a0d4c32b9f0c,4834662318881780000
0xb9e9589594b58615b0301d4dadde275352a4fb46,1394172423371840000
0xba017c182f7c358d6d3a67cd3d2833574c86f3bc,60925557255494400000
0xba232c36a7ba5bf05f10c7d5d811f3811aa92cd2,65311813126723500000
0xba26099e1d818c6793c35d2864f23beeea6520e0,208816047411694000000
0xba3780a3e45d84848bef509ba7500b0517c1cb85,526383993044734000000
0xba396fe7625d5d950cb804d13a509517c59e96b4,1652868861930840000
0xba402d45f931897b0ad71249f38ff74f32d27219,151190253912324000000
0xba593a81492a4794c8d1503697275286fd5adf2b,647677546967585000
0xba63f649170b3045ba59bf4bd923373af89e3bf1,8932261220359230000
0xba6997b99577aaf997875784e779d3e3c69f6338,359887383166818000
0xba73a1dad3200b837cc5b9de103c07cbf3892baa,549927613553994000000
0xba783b920a5ade16fe0e26cfc4a42ae3b9d78456,30876053598021000000
0xba7a8f4556ca289999390090c5282a9742c5a74c,17063519152880300000
0xba81d70737e88f9f2418ee36cfab77900c07e046,292638704741566000
0xba863dfc55310421b55911adfbb7f404c9b122ce,8657926925313520000
0xbaa3202280ce0cd232af41d563ef10ded172216f,227319298119201000000
0xbab5b5db9df20b67a79c55565343aeac6bcf20bf,3663026488194310000
0xbabed70798c612d8f10b79b92012aeb5471c803f,4601312639862570000
0xbace5c610966cbe754152591a49e2ea383e5e839,180296709533432000
0xbae7f7ed8d0bfaad51338dc06f85373c8126dda5,76503795846815500000
0xbb146f7191ac6ba2710b973c080b07bc0b835a83,17272796338793700000
0xbb4581bd9b34908a116bf48cd84ff785d4e751d3,201380461153711000000
0xbb49c50a5840dd8c52dc86d6d04c144f55a0882f,87711835427422900000
0xbb862f88f2e486de7385b4fc444030f24483fc66,443368885218055000
0xbba417402aa7c85c57f57725ad88aa8acaf6eda6,1394172423371840000
0xbba738a1a98a3f2e7312ca71896416f69f9e7bf2,4681029008529840000
0xbbc786c26cd9b7724317163a55eb84fc0f3bb404,2033529569527040000
0xbbca2c1ba7639ca405bd1a001341a5ff47b9295e,1084356329289210000
0xbbe306b2438c693494f515ad3a8d3c004400190e,24785287526610600000
0xbbe87bee102a6e111bf3295ebe4c9ca5932cf8dd,85002661679857300000
0xbbee7dda7013061e027cc00b265d98f592553d98,217212063561333000000
0xbc4893641a49c811fec0238a68199cabbd2f00d8,14632746368854600000
0xbc4d531548a2dc3e43a851b1a15261780d8b8177,68580791405228300000
0xbc5a25114ce47fa33bc7669c61133493ff441f40,265085037350278000
0xbc6473d981c64cfd51bd4c0ea0e1549b8e225f3e,650613797573527000
0xbc6c3646bce96108ffca4a4ca120fcbb4b1f8f17,4853785473961230000
0xbc9df4218ad48212bdd6bf6a2e77fc67e1e40aa1,357085570716423000
0xbcb1c9373b1214ce96ce847160e33660aa293fc8,640078218773462000
0xbcc9b1ba3374f4a65bbd1848c0db1c7f78f32a1a,111551908154666000000
0xbcd4df1bf55083ec3284b18b02f04b12c2725f2c,511196555236343000
0xbcf51404efac260d683dc82d1e5cdc489afd4abf,303056551114883000000
0xbcf6c336671ca29f2b769146372a2b2fba350e52,7487222273663610000
0xbd29ab2b6ff3ad84696a01ad484e138f51203195,176974013206282000
0xbd531bd6f31deba8fd3b58d16b76e0df3954ebcd,2611507615648290000
0xbd5fdc115f7f6f884b035362b76cb8b60ab4b3fd,522040118529235000000
0xbd8b6ab018bc4d01d824992e303fc51273d5b5fd,20122697429346400000
0xbd97a7eb76c33783a4db7ea6eda0687abdda101e,7881039631302240000
0xbd9adba83d6c3595ff1b2b1699ef4cef3b95db3a,3690839128806390000
0xbd9b9a90f3735cb110ec2bbed934e1e7a10468fd,1048211118312900000000
0xbd9ec6112903abaf32bd692f947bc058fe928975,1
0xbde734fab9daedc5a1c4e6df35d28d26ebf67672,1703988517454480000
0xbdeca9211fa80ae67f3be038b80c01649427905d,24681578449850100000
0xbdf3b9c349b6a32eae0dae36862aa11365fb3459,283998086242413000
0xbe1f86409dcca3d772443df70a77e37a059d2208,511196555236343000
0xbe1fb0bbdf7a6cb37422b016151ba7fd51ed706c,4883058412179890000
0xbe4798b2cca75399c5fd242100611e514e37cd63,134873272957306000000
0xbe577755ee6cc5f347860f51f320c411d04b6a07,1245780191727520000
0xbe63f32bd5322ebce85e322ad77394d48ecf26cf,10562277304410500000
0xbe87d3d27d1706ae8076f24459605c9545f61047,3585589798486840000
0xbe8b2ac145ca4ddf6cb71695d7de3af70c0ae44a,11741324918420800000
0xbe8d7e6efbd36984884b2e51a86da8f1dfe1d391,1124824514477520000000
0xbeae9553e0f6bbe9284e913f978dd8eb424a2b06,5311638004999540000
0xbeb2b94446468fb0eacc2ca3b1d62b431948dd93,27585073272429100000
0xbebc38252dca99907602873a36aad7c972b900eb,5105344317209220000
0xbecc1aa1bb565d487b93ece573d72f05a812f9ec,348
0xbed732000f3ebdaa7c344ae53f5cd584d8d65e4f,149412294593494000000
0xbeebc0c769a24f94681d05751fcda51fb780931f,827725331357432000
0xbf0f2da2178355d029a634ced00b4de565d38c8c,23748229787684600000
0xbf1000fb15cfb6305276bc3b85b1b0b79b4c31bc,23787127044407200000
0xbf4bf2b44ebf719eb72939da8557d1792a8a6401,8955727426680260000
0xbf5468f687b9af43f647f561b674b79611e163d8,81308356913091400000
0xbf73e9ca571567a55cfffd0fbeb916f8ac34528f,2801357122695160000
0xbf7f42a2be2c9e6722ea5b8043bdb19e10a548db,14220558718392800000
0xbf8e6fd743a2bf16667a5e4a7dfae15be71801b9,6325411920853740000
0xbf94f430dbddaf8e50256994f3ff06b45c811936,22719846899393000000
0xbfa56778f6c79724da3c2090adb59a7743ac5743,21842034632825600000
0xbfa838fa5bf6b12a6f0aad88dc22fd9a3e5899cf,129090039201097000
0xbfba3b3494e45bf8e2cb871527ce314a6c860b2e,454396937987860000
0xbfd7de39db0edd0bb912de917e1553fe42400402,275037073246313000000
0xbfe14af87b8e0f850403ce42f4be19ce0b28c8e0,299488890946544000
0xc02bfc8c96477d82ae78d3212b802c4bfc820f90,49696975220774200000
0xc0389a5a20f3bc9f5bcf6f63821807539da26f16,21960110818951600000
0xc041a3786ca11ce4ea7384d5ac9d5dccfa7a33fc,800358243046799000
0xc054929b9cc240105d1e2a346d95c4a7b09709b5,73278031948614300000
0xc07733e77f0d9cde4208526c899200302a3ca307,125497694261855000000
0xc078cce8517a2dcd65fda7503a0f2ef3b39fb20c,74923445664191000000
0xc07d1896574a55f4a447a8d2f2a9d00df783a284,705188973678208000
0xc0d68f206961b745259b28157abb2d640b25016c,4567628367633080000
0xc0e3af9aeffdd2042105e0838d2b7bc699e72cc5,11319853901528500000
0xc0e8486542c1ee231b25915693c67235ec0f34a0,530361705838519000000
0xc0f6cd374c281e0acf1ac026c398e92d9e9932fa,678910206137845000000
0xc0f9e8de7ce5ad40979de08b6b746ba47ca608cc,3902321236202980000
0xc0fc996423fa30e1ddb325dbaafb356af2caaece,66311249861572600000
0xc102288f1adf931c2d26c594b8e455b950744048,8968374025405240000
0xc1098d3cb79fdf686f8e520b7449ba57b14d4e33,4626587004967300000
0xc10df72c5193bfb834e8008a82e83055b2e607bb,1665
0xc1651da5de69fb7ea4e7d27ebe6179de372d0578,406069491284631000
0xc169bbeb4c2297f93330267b48580dd9419f2d18,748722227366361000
0xc1d06b80e6ff081b1690cff80ad0810c9faad48b,634841273923831000
0xc22db8ff332b8f553e9c9d22fcf60b615597cf56,563039114979503000000
0xc248f76395a5971d6add738dc3301241fbc844fb,132162299712909000000
0xc25b9185447bd635bbdf3a46ab7cd079fc76f927,1903838245751030000
0xc25cca58b149ff5e1752042567648ba5381e4349,2975740422191710000
0xc27bdc0e8b8e3531cde0a10d766108d0e9d8bd9d,12726081810907700000
0xc2b4edb2de0e549d2df1098b8119b486d5a0a8cb,1300174037364840000000
0xc2bc9332d73a014a9522232e5d045c3f8fd2758f,155269499151079000000
0xc2c722a157056973596159ac7d178648e8ec2661,3614521097630710000
0xc2fc9e7bdf48cfa44a7c70960a33e538d6626780,153875326727707000000
0xc2fdca9ce109411928716d4bb37a12eca37b2ea5,129090039201097000
0xc3007f6e21bbe9df28af5797dd5a23efa9f53ece,619115828008460000000
0xc314a4c45367303378a92eaa079e2c7e3130f21d,9959069599519770000
0xc31ed04e4327132634e40d3589d54528bf690c00,32831379236666100000
0xc329657cb4e8b31275f2a93e0bfb54ede7a2ce00,196211695984099000000
0xc33437a5f8c10f4e79057bb54ae2b8e999ffce11,6921495653002930000
0xc33ab3a442723e87b3da5cdf9801b181e5b13bdd,77030608192078400000
0xc33de2cf3585dc77a1a9f938452db3792e4b0f47,327165795351259000000
0xc33ee998390c49d0138d4ca7e58c7bb68ae33e1e,5861691898804900000
0xc3422497f17a60d06a10f049c65a1dfd2b3b31be,4853785473961230000
0xc3511f291c2c11c525ed557b27d8a5b3620a1a21,40365107597420400000
0xc35b404da9093d987e55a5c3239a356af477fb88,2039476202178830000
0xc35c6904ff9fbedebcf6da5e6b1cacc0bb08a0d7,353749414257006000000
0xc375b9d01d5434fe0c565ea8d4e6b286cd110f8a,163273081581547000000
0xc3836599de06bc821ce9b99ab30cae1b426760ea,855542437358965000000
0xc3a4bd133327d74c3465a1365f936c8ee63f01c4,475051344260036000
0xc3c29d099207380e2a2fcffe0de30111fe16b6d9,851421878352958000
0xc3c806bd2934e256fa13ab3eb9b4645bdd5d502a,19818184234437800000
0xc3d0953b9456faa6bd9a659244eba06abf3bbdfb,3335686612956340000
0xc3e1ac651f4bd092cde3a3fe0e361ed3a2c4070c,55480162139800300000
0xc3f170257cd9de6787118a164801ca20f9d342b4,17356829199890700000
0xc404dd1cd172aef530db7992c2e1303f3f4d33c4,579885454734941000000
0xc405b28ae784bf7e7d699c19e15e09dd8a831e68,206817733604861000000
0xc41fe554788153f4ba0f619d466642c3337677e2,2789013766702710000
0xc42a72a67552a2395a43098d3f9e334838301ae9,58813421860019600000
0xc4769b3101a2df08b91af9b9c97174299ee180a9,135663148935007000
0xc47d9a086c5674905b7a75460a0d8a3b1030cacc,51248928007262100000
0xc49abff596e9570fac59a3bd35a4068d98d2ce78,42365367035222600000
0xc4a6f4deeb30957b93efd52d60eb11be76404d68,149744445473272000
0xc4b645e7179640bc7423526956d1a161d94599dc,569126784333157000000
0xc4bc24fd413de5a521cb44f8eb4c11d25336e2ce,21778233426273400000
0xc4c121535d030053a7384f4881d390f4eaba655d,144699084040633000000
0xc4c31fa3db9fe8817c8a8dd429622bb0aba3c1a4,24750552677369400000
0xc4ff9c9eea29f7651befb755681023bb393a4fd7,310332297540808000
0xc502dc3c25536a21c7028fd820385f870983fa8d,696734932031258000
0xc504e005504c2207e74ca847be48dee5040ad9d5,1026525461731930000
0xc51a9a0d8698e64e553e8c4fc021acf451bd01de,36107923222618600000
0xc51f7bc0786b40d70a32f5a87cef638d8281e54c,2
0xc520da93a9b820e4fd06025e20716ff23e711f54,35830231280656400000
0xc52557d5c3801b5acb37a05ec179e120f03314f7,122964513998445000
0xc53f5a27021455293aa34da308280abc4cad210a,1022371511217280000
0xc54cc9bd129d6d80ca9ba08287017e9edb0ab1e2,205356434361105000000
0xc563870e39b8505a703a06ef6f6bb8fe5bff6ad1,7204876539922970000
0xc56eebfb0f82d7cf02cdb6999eda914d02e8c62b,29591728589187600000
0xc5839dac53e2bacf909127a66cab1f6a74be4c99,1657536827176710000
0xc5aa161e780e3c2c7834f4969c86e0a97aede24b,2811169071728470000
0xc5b93182d5acdc93f468d03abc0b093c9116285d,149744445473272000
0xc5bda6ffd2de26e5de33cdf04429aedd6081efb9,361452109763071000
0xc5c62b53d2219ed6b36446aec951c423d5654bb8,562316210759977000
0xc5c6fcd2fb507ab00c90c58a2094af28cd7af1e0,277065800714016000000
0xc5d8336b3a02cfc04552ebe5ecce82b22b99616f,511196555236343000
0xc5f21bcaf4d8dd0468b0eac9fc0fc14de89a93e8,67023548353209400
0xc600e7c946cf8095033e2f955cb1c89a5fa05977,16321518325214400000
0xc62303907ce7d7b0da69d61c7b16b739a039640c,584639160371028000000
0xc637e72167f63c1b2531f4b0358c97275f478bfd,471
0xc639bece23b46b968b721c276fbc0df907d4202d,201380461153711000
0xc653d3405cb3c8a5003403279a225a5704e4ba12,5717559624956230000
0xc67afe04a7b66907ff8320c40ddde16f91003f3a,297854611050258000000
0xc69633aaf814969010e3f8755c1d598f305a2660,408688885991810000
0xc69f8157d5a873f98800dbcd86cea868dc4b6e85,14974444547327200000
0xc6aa0625301b8cb6b31086c3660ca90ea41a7c9d,13355504695998700000
0xc6af98a0b995397b56a5022119d4593950cefd9c,16516312098541000000
0xc6b1105bfa147341e6bf77c95726f76c9efe42d2,3495368692727380000
0xc6cb96cc1727ec701e5483c565195b01e3c1da2b,101721405782709000000
0xc6d1bce351c25c749fe3b2a5e09739ceff04bc0f,155316631684855000000
0xc6d37aedfeec795ff31a02012aa7e3a05da9a9b1,3718969808266850000
0xc6d74688e59cb9ea1295fbdaca08e145e605b289,15652285340623100000
0xc6dd21f85a530af4d2b49b419ff22e5947d5fbb5,31074554236488000000
0xc6ea61a2134a4e171e69a0e29c35e20c90cb3a8b,4214457187678790000
0xc6eed518b74158dddc2bef7619e4b4e5ef379286,340797703490895000
0xc6f66cb792d07e85bae1554e76abfbcb32001e4b,8757468259402400000
0xc6fd276abc8677070c1ee0b4d3f75a641348ae23,86016328749184100000
0xc756c7d6c4fdac1d817d8e69bfbe541ae2242945,101675769081654000000
0xc762e8fdfc2b3fd83f5a0ed77db1851955dc993a,504256674728892000000
0xc76e5a4cd2db861b94b7f5091c1b30ec86ab7147,475051344260036000
0xc77a1a688bc965c81c03984cc202a0b112d9a097,991757462369481000
0xc78a2b33c05ae76b2f2f3251390dac7ba2721c5e,475051344260036000
0xc78e7731da04aa6e6ce730cca7aae517523f49df,3754454700124690000
0xc797c126aee0739658793b9847a95a55b2a7e820,2121364966675580000
0xc7c9b825cc504792ef7e5c407b2aea4d4ebe2b8a,453056629335260000000
0xc7d23fe48f3dae21b5b91568edff2a103b1e2e6a,18022317138444900000
0xc7d27f59c037ea62f6bae676be0c8ba58123e9bc,289161687810456000
0xc7dc3d5b06d0cb817b96ad8a70f237417d8cf782,1394054809489430000
0xc7e1090d066fe3066797f431d05b8c16cdaeac65,5163385625289770000
0xc7ee90910ee96cc5b5d33352c2fe1f1bfe04ad14,7088592232610620000
0xc82e96e298fceef55b77d8099fe5d71fefefe8ab,17839033404043100000
0xc83a0eccdb2d2633f3d300ab9934388e4a918328,5020474180393490000
0xc83a5ec2504e7c8c541f6ad5fd1fdd004b973228,33487617814952400000
0xc86cb6194613980a9cc03e0776d1400de5943c8c,671784564002507000000
0xc88ebcb1e9490bd293774f18b1e426b8f87ad524,42440922641633800000
0xc896e266368d3eb26219c5cc74a4941339218d86,8833461454640450000
0xc8bf4f837dc2ab91362b5a43d0b89c58539e783a,540687010278825000000
0xc8f0483de4c87ac8b2b0868c9d875cfaebf88d49,24349514269733100000
0xc9074ccc5c1b017b3479a24ebec5d3c7feeb54f4,1394172423371840000
0xc91895734edc7c47cc5c1fd05034de9982bed464,11367129016269400000
0xc948403bee7e637f27c59c1e7cc545e5ea103d24,18346136016338000000
0xc95b69cc986877f473adaac1664f850592a4115a,1290900392010970000
0xc965303befca2991633fe5c13e1389e6e43ef41e,22719846899393000
0xc968416370639a9b74b077a4a8f97076e4ae1d9e,704438833466527000000
0xc96c39b38b1a10548e48da2a149f1a425d341142,64452184825610600000
0xc972a0628acfb325d713e61e5f4ccce61fc8e0b8,187449522379305000000
0xc9783f55bdd6f61f67db1d2356ee6f15558782ea,28929122953649100000
0xc996552ab087012cbaf108ca44a6dc1644af2ca2,84665629364887500000
0xc9bc426f2676d813398e75973abff4d275db49c7,12666575077342000000
0xc9c8a048bc55eebd17f1092e2963d61c337c9b19,698327949427403000000
0xc9e393aa3dd73188d4cb9caac3466da8fe2b98c0,17984009625916600000
0xc9ebcc2330c68ae1cb74a11641832c74eb86fbfc,21744829939379400000
0xca18c4a65416c80583597291ad05bf89e2ae22d9,33741623366227500000
0xca2fcdefc09c1eab0b91b66ebd3eb8401852fe5d,4566779467778350000
0xca3289529ae8e97f96e88c2eb50ba09cf24c429a,277233768188378000
0xca3a06a5c7c75b68b8203290af83af5695ef8435,5735455589235700000
0xca3f53b2aa6bfa82af3993a4c8f4cc27acf47b77,131234648541431000000
0xca448d4fb03b29b33692a314b8d4deaa6fb3f221,214474729062565000000
0xca50ffda78dfaeaf1ba7bc17c2249b3736556118,14110728913040500000
0xca55a1d0b31046174f18a03d1e79e7219e071c84,178092618081833000000
0xca6769d96762fa4cf0256eb4e1d11d9cf6f6a85c,253554760113114000000
0xca69d43791f28f5b192b0693b42597e105d59a0b,339431491736653000000
0xca6dd9ae808ee1d47d1db9d0ceb2b9235e7eba13,511196555236343000
0xca8840414bd9fd4b4cde666724eb60f5e7884c2e,14037596658559400000
0xcaa710f2610eee74e136f5a3996c74982e21660d,740847433220404000
0xcaaaba704e5be1e557ec160217b9c71f54fb6d3a,2875438859101980000
0xcabe9a07454c906ca63e88f54cebae440fb08ba0,1022393110472690000
0xcacbc774260458d8ddafa33c3d2fccd39627b52f,98907590043707000
0xcae559b65be528b9ade256ff7870a4b06e0a51e2,291051534995866000
0xcaf252dcf1d6f60d079b55684f301043261a6738,1875090652728310000
0xcaf548b15644b0cbf92de0179d52d0b562bc3abb,82088829010618500000
0xcb062bd4163b4273a72b0284c40a85dc9997461e,7768922155846810000
0xcb39bc87a59ba7937597742050fd9695b80c42ef,510708506706076000000
0xcb5503e358ca8a41ccc2b2f5a502459df193884b,1187628360650090000
0xcbaefae484f7b0cfed616f39eeb1a75917127718,5606002636649250000
0xcbebcf4fd59e082d8f95f8c9a7d2585c3229da84,113879630969709903000000
0xcbf09f18fc6aa3336e178dea16e43d14150e484c,15059125458793900000
0xcbfade7768fb0c562f33e958defb1810dbbfed99,12837692050873400000
0xcc013ecf4ea3ece29930451e2cc7c60df6db6841,8571267449206630000
0xcc03e33fc298f2d627c62ac42cca953a4e01bd4c,100331080606234000000
0xcc0560f9bb11fb279b5a4b96ac3cd0a6278164f2,51881397617373600000
0xcc0aec768012ce21b3124a2b32c666f5df4a3d73,9254075634013540000
0xcc209a2ee842f5786a07c5231d0a831da1c64832,1394
0xcc260928d51d6b8fc27d5c6093ab2bfd58199c20,13247712789960200000
0xcc7ea6f21f5ff9dce31b5e7ef5893f5551eca24e,2822940977249580000
0xcc936984596af4f39d098ed38c2a7df308f46578,1858896564495790000
0xcc9d23b76655e3a5bf535e32030ef78cd639805d,158764018148268000000
0xccb51204c11e697fd924c873f407704588c9178b,1583387358956940000
0xcce0b0778d48350f1be994593466b62698329c5f,68159540698179000
0xcce135f1911bc285726a8bab09bcc9c61db4ed15,31502329432961100000
0xcceade3bcd2982e0cebbaf75cf533fb9bdc5a569,3098160940826320000
0xcd08f23c70702893bd190cc046d005eb95b3cf40,18952316773909500000000
0xcd1074ebe16fba78898c97ce60345ac715225af7,6182007417851430000
0xcd2b663bb04c151d2d374f3960377605825b2b6b,13778267816702400000
0xcd333c06d89d5b653a6d7495e5fa2c5a04878f34,11835051223814200000
0xcd61c1e0eac40f26e490c747ef7549e09fbaceed,2799269685125260000
0xcd7fa677614a89f1d3fd8303ece1a497fbea3262,1611604611995800000000
0xcd8bfc5dc7bb5201344fdc8f1fe088a12c98af84,35
0xcd9031782dbb1c8c21288aff2d8d2274196c33c8,156729436841378000000
0xcdbaedb346116763e012f6f7b0ef7b9ed1606839,1702195692244100000
0xcdc2e159314341dd4e90e10e46a1965fb5845d61,10223931104727000
0xcdf2cff0352c0ca0a034115ca3bd0a7eecb8e9db,8707891733589800000
0xce05ce45729c550448d6c1bcaeff1bbdcbf971b3,129090039201097000
0xce087a251c6cada51b7b5939f259a8131696bae8,270159634040055000000
0xce32ac9f8e75714c0f0edcb5cfd2591c7380938b,14199904312120600000
0xce58e2e708f1118715e3028b7f220f07ca84b48d,12318287900725400000
0xce6208894bcc98c9b00683a5676fd98c9746416e,15796175754339700000
0xce7818d80d53558f56fb645efa429040abfda6df,13259498237165100000
0xce891df4d00e56d7b201d3fbc4d4dea81ec31dfd,73413505293663700000
0xce99c908434788bb93f53d79f5d81fd2ddb56895,3021630205352610000
0xcecc42bc75c1045aa2ac5f421db6a5f712542190,2406629924793450000
0xcee4f51546219981c4966f8ef8ef1074d66c1386,475051344260036000
0xceed4fd0ac85ccd083c6430c886acd63f9910610,688766046828919000000
0xcef617dba675703bfde09c458e28cd45f73af549,3137367953996690000
0xcf168854afe73808401c4f3efda1bb28d6618661,171947932215861000000
0xcf3a24407aae7c87bd800c47928c5f20cd4764d2,7573351147818580000
0xcf3e7c19671e450da97ccd3aef45827c01678205,1614628479009020000
0xcf786e6ebb636ac25d0575440b85f7c32610d052,1216585847012620000
0xcf8c06e86e5ee082dc3f1d93c3a8a35b528386ac,5299404289283420000
0xcfab7f3bb8fe2f6d2cee4dee62768059477fe56a,521641752978739000
0xcfd3ce271536777e491ca067cfcbd7cf664f534b,17
0xcfd4b94b7b50a5cf8863c075b5c30319c3310496,178144254097513000
0xcff2aa4121fe8bc56c8bc2fe39151ae8124bfb60,1291
0xd01e263cf2a0b27baa6627c8dd93642285a67cbd,137067880577485000000
0xd0653ac43894da48111f6ba2ce13c5fe520ff0fa,1051
0xd07505961dfc6c0b9d26ae8be07ea255d2cde70d,351024414539539000000
0xd0789ac5946a2dc78de3770dd6c4a97f7d845981,4491288380133720000
0xd0a5246c93d017d4a6910c777676ec71a6c3485b,291138876249822000000
0xd0aa804dde4315da2ed244ea5fb3e1767d5008bc,108890753280276000000
0xd0add237f1cd29c58642d53c4b6a67b0bb07a7c9,1027119034703210000000
0xd0b1abd072cb75b269054f08e2d1cec41b1c4cf4,13375525350982300000
0xd0c8ad6e57d3606f1a3de3678468ce6872ec19c4,1216548207542460000
0xd12edacd30e771510348c6ab33d655368e210951,81987809425422400000
0xd1323574e352512f108e44c23ba21a2280345347,991690695349918000
0xd13ad92de1158d34dc05f9d9199df7c62334feda,2231708597708560000
0xd13e157258d9468036c9e0d41b6e80a2f79266c3,138771792141179000
0xd15c7650bff049996f88a73f77e4bc31cd89b0fa,578986722172600000000
0xd16b020d1b8655232d15f13d9706f67ab5a91c89,57527685069576700000
0xd16d0e5159575e6dda1037897c772b7715bf2f6e,7950014706637560000
0xd17987b252197d2be8ba7b87c3ee46dc14515d79,95127467397643800000
0xd17d80b2c7d8eeefaf64c359e6aea491d53251df,15412292609007800000
0xd1aa10a56dd8ccb1102bc7540758780fa842cba5,16493231174236900000
0xd1b39518bed7ccae7ab85311ac8af4880399eb83,160226556656401000000
0xd1eb0c210070b4a2ab89945428b07cf1ee093cae,289161687810456000
0xd1f16271cfffacfe13797d0dbcdc5d93622d6588,508707068025204000
0xd1f23d8f7c097471fecafce27ee56012c0b648bd,712577016390054000
0xd1ff81285ffc91124c6a5f52835c5d9bf95d8b64,1890975481380310000
0xd21b244f48aa004b9303aae644d82d60c2ea1cb1,51119655523642000
0xd2483549f3f3d2015cc8385a53306516aefedb96,166923834548657000000
0xd24c5d0d5e16fefaeb425b32256a1c9b586a586e,6216976287924810000
0xd25db24bdc1040a9205648c6717145c9c3cadb14,192588611402716000
0xd2677b1beda4c5879718add25ad02386fff408c3,5068461923898020000
0xd28aaacaa524f50da5c6025ca5a5e1a8cbf84647,1953275046435310000000
0xd290f093742652cebdd024ee8e58dbf68df8a11d,9154566848499350000
0xd297cce57daf1e86179eae9c2b68b01a3ce75f6f,2892
0xd29c26996a66ec4e09a22b8512cbd367c40f1e84,58339787642237400000
0xd2c7a0677bacde8d9d0d27258c6ad5a20f945215,211707664289799000
0xd2f769e6296bdf07009442b4e9fef222d3239d4c,299488890946544000
0xd313ccbc1505550deed53d5e69701e84e7c963a0,188605787246456000000
0xd3384af0ed00665ef875421f56386da231de2fc6,3613358550842830000
0xd346b48de240ca97a8bbe974409ba14fefb7028d,13367825353589300000
0xd3a1faf92a000500073aa99c32eb97340df15da9,129090039201097000
0xd3a5305ed069b944e3c338289d713a39846630ef,361452109763071000
0xd3d6825b4965080d6f166bb57b081f74e5d7f299,542178164644606000
0xd3d7b9c134d46c0d452f2aea1e2389bacd7af095,714202000817760000
0xd40a73bd387280c8af780744c727728831c683ae,7764502930879620000
0xd40f0d8f08eb702ce5b4aa039a7b004043433098,20701847331467700000
0xd436c5711998ca1fbbcc1f96f97234f324571386,289161687810456000
0xd44554b8131492c8373bb96f0fe2887b7959c628,14720332851644700000
0xd4567e7b88e0c6c42d5645102a81a25db48eebfe,2690136514460820000
0xd468ff680aea273bc66fc4845a43ce8701aba319,14974444547327200000
0xd46bf3763c54d0b98db56f435fdac14a21ac70e7,519716497823615000
0xd47427bd57cd71dda029457412e0d32b08b90569,163708234034935000
0xd48699c537393f506cf62c2a4f61e370d5460f13,171534844090417000
0xd48e614890121fec84d706e96c2db553a03fb3da,1001961023416870000
0xd494b1f22beaed8ec5676b059167cc3c1f755228,56903873809685100000
0xd4a31e42f71973eee39b8161ab5effb7f08cc639,6684921876028320000
0xd4bfeb6a4de167d0ab2845e02f49b7411eb42f1c,693269337035966000
0xd4c4acb86327886d26cbb77be4772f4cfd8676ed,9769311346140470000
0xd4cf8f8b980e1288c9e9bb27da4825f8f11aa49b,516215455137492000000
0xd4d2aca4496b4aee0d3bac9510b838b395495a63,4366612684518500000
0xd4ecc123965bb59419a5e477ac742cc91824fba8,22719846899393000000
0xd4ecce711aa241f8ebb1bbca081918a1ca9dbbef,693988050745096000000
0xd4f0a5aa83f51d3abf4136ffc70438a43eeacdb8,20703
0xd507d4af71088bafbf2ea0cdb6962694f850de01,125090102870307000000
0xd50a3715e21f4560c424f14c2e8dd532d0c4fcbf,1647676872256320000
0xd52aa86678af8346674097a36b29d3008be5a77a,1614398935474490000
0xd52d0b8ebb9268a6170c83c35be398194ea4108e,10757874405169500000
0xd547d6eaf4a9213a36a54167e83bc3abd8de6b8e,23
0xd59626578506a6e51e74b63818afe164a7fe37c9,66295213229815300000
0xd5983e85701368a42f555d471c3497e28c99ca86,2728120192401800000
0xd59a9e2e71710b91a9e5f7f2347c4e243125ca0e,454396937987860000
0xd5cfce4b005d17fcd4507e1401a4de74ab62546a,4284169788971460000
0xd5d452cb6c742fef66d1739aef5084735ca0af75,653
0xd5e703f03283bdddec4df2c91c75076ef9475acc,528687584322312000000
0xd5f0311b8c9a7b58dd2f28c6115f1bd4fa01e408,5111965552363430000
0xd63541d2872c26a7b867a78a95a093d7e7e51e98,393258641222859000000
0xd65e9141306f55a4df6beae1f60a39563e01c2bc,1598934311562770000
0xd675fd52f270f0ee71f472ab206f9d498ab48531,5608558550356480000
0xd67ab2338f3bf0b7c10172d5fb78129ad0d19e8f,867479446948004000000
0xd67d00ab2d1594446b68b6e42fa723232ae8e5b0,30786414500515700000
0xd6add201e829cbf99c3ae8dad0ae8c7fdcd8da1c,848896097786412000000
0xd6b265454fa6250727f9f0c760d1dd96d3724851,240830377133566000
0xd6b29ab62bbf428615f7d091017ccc0145d705f8,14974444547327200000
0xd6bb291c5cf2add7af7b7069a6c2b09afeadb679,1235691578836340000
0xd6bd12dca22b7f335766330b8fb1dfc232dd9279,1343350474814460000
0xd6e4cabed8f49524e26577f27720b9c069b091f9,129090039201097000
0xd6fd02ac334588b97852aa5a4593172472ad96a4,112696430398808000000
0xd6ff0dc2afb480a920dd22dd1f9acba253e41ea1,25026980350426000000
0xd715a37dc7198bb9b470c3d0dcda639d69782ee1,9366828275393940000
0xd745259432406e22686fbcb88b19d82432e6007e,21399605366229100000
0xd762a0e88a5edd6a1d2a49084acf3d04c4d434e2,339393203864387000000
0xd7655258d3f1f2b229f8324babe49452b05f85e4,148185491634173000000
0xd76f126e3464921cb30209f87fb17625d2179443,5906779112544730000
0xd7831ff16c32b21d9f79975b3473f74cd4998407,38275449914951100000
0xd78988ea51207b1597231ec275dfd86ad2cf35c9,26686842910439600000
0xd79584543889b4bd66a4323cc4a097304abaaac5,65006248539265700000
0xd7af90d4af6e16abed51a6bccba16701a4d5e775,16758384031213400000
0xd7c9a8592015ae56e5537aa7d98c5d2a929b2e95,5679961724848250000
0xd7fb9f1fafe2b73feb42f401154f1e66db41dc06,224616668209908000
0xd801daf9cd5b7b50a4a596c65c397f948703d480,7354823267182580000
0xd81404711b0050f9bbf9684f468b6da5c0f50fc2,22683858861343800000
0xd8210b56558c489134632401695b0e2d9e77f832,4001612748519980000
0xd8280eed7f6f14593cca5adf79368bef87e8f177,3179657374116350000
0xd8299952344e5cb99aab259342137f3c275844f0,37673637040448000000
0xd83f3cf22b608d29d5738cf249f5ab5fab4d6845,235105182258982000000
0xd852b0c99ffdb9ac7342c08240a8629a0a58a01c,507545888927736000000
0xd865bc9e78077201bdfa2a086c159b921972c7ae,14319766057640100000
0xd86be49f59d3d4bc5e22f296f8fa0a1861ddcb8d,8763217711738780000
0xd87fc6e603ffae66e65a6b9ca413bcf60c472618,67230044986617500000
0xd8a36c37e6be7192e34734794df53285637773ad,149744445473272000
0xd8b38e06bbf64aed51ea1537732b922e94cacf02,49979252945292500000
0xd8cdf918f6bbcf18b6d5e711cf6a0f8cb349a54b,32735851722953700000
0xd8eaae469a91040056beb754dfb6929c15f489e9,1067858543610950000
0xd8fbfb7973be97d27ba61bdff2d706195fcd4928,224616668209908000
0xd901a184c28d2cc9837764d88f2e117fb215f564,4802149458280800000
0xd906a59641a33b5d1c7d84767c78a381643997a0,20495135973033300000
0xd908ce2ccb2c2ec1e7ba91b29d331ecaa4afd9e6,283998086242413000
0xd90c6f6d37716b1cc4dd2b116be42e8683550f45,313533887211624000
0xd92666e60e31f221988a529a8f375abde78f9815,107375223791243000
0xd94adba59069bd4a4fcaa381f8dc2453b7e465d9,91488388287572400000
0xd95434bf83f34253152704dd0e61cc81bcc6c2d3,434484493569554000000
0xd965bb53475cea7589fad24765485f19c9c4463b,2401074729140400000
0xd97527053170feb1bd5db25594f9a49cf5d34181,1822447858046060000
0xd98df6d516e45c3d1579f7f7be5ad3442f73a604,4148830692863360000
0xd9e1872866d657bc011594c7a04854e3e5078d13,129090039201097000
0xd9f11a7904fd51c246a4e24b7e59695e09c4dd77,35854468895512000000
0xd9f153db848d8165e855af26c9be7304d3adc2e9,86737774592291700000
0xda00fcb4c3c1e0d4b233701b6b7e95672b069bd9,19616522356998600000
0xda14d6c27c022794cd12d11072ccfa3415750db4,1777214263216610000
0xda3af25692463b9f29bdb1d83d5032f37fc6ea19,6574930992682520000
0xda3cfd1b3ed7b471f66c97fd34c8267d5818a138,14885945888163200000
0xda4716309b638e0b11c194a50be3c382f29df4d5,5075561524874670000
0xda4ca837470cdd439be6d6b078b1710e2d1f345c,1729806525294700000
0xda51506f8dc03d30e86d6ae8e2c799ce4deb25cf,191724432877808000000
0xda5c6d3b1c585db86681e3582dd93827acb674f3,3128580716948610000
0xda6e8b0d86836f6291655f94a6219b98a643b31f,15021046709363100000
0xda732a552681619432b6c62a804a668f12de13a5,8487651496973780000
0xda77a5ac1bc424d89aec3ec5581c71a0f578d5cf,161883339905246000000
0xda8f46c5f3f37e2a71e359db2383e72e72fdd15f,104106666333348000000
0xda9f4df68dc1957cd72ae1d9b645a3bd6e30c708,191053258017623000
0xdab13c9fb6ccbf8a839e27d7f00024ad23b779d5,10932410675353500000
0xdab14a6053d29bb091edc65724c842dda0ef313b,41182504146224600000
0xdab495e661e9533def227f8d1020625de9ed24b1,5086304452386270000
0xdabb14edd4555d0b4baef125ee59150c2f50c426,525058058788820000000
0xdb2174a50896b091616fc34ca9c84453bdbdfd24,1600716486093600000
0xdb25bdc07c233d02c99ad536eac2fef12635f784,29149787082105600000
0xdb5bd06d0318b46ebc66046bfb985386b0bc47e6,11956136607139800000
0xdb83c250736ed4b08b3d950a559d17140b0bf638,289161687810456000
0xdba4a2ac4b9aa6ccb50cd03a464b669cb9bce859,2370093119732130000
0xdbbcdcae70362288ba97c2e5538b6c25ad04ecee,16192718026575800000
0xdc07a4c746efeb15736a3154c00163b45a53189b,165473490946829000000
0xdc547a0e6369fc9f97e61df2d00243f6585e37f6,1187628360650090000
0xdc5d3dbf92af83f9c0081e0d543d673cc5d84354,42693242762394500000
0xdc69cfa1d7316f19e53cafa14079d47bf40ed6bf,1829133065221990000
0xdc9099ca9a881a5fbb046ce33308a931dc57bad8,2899903566136040000
0xdc9b170f596fb1a183b3a1f31d1b074d33218381,50002657152617400000
0xdca08d9d57f625b4f59d6d8a339fd68e94f59442,5345638963797940000
0xdca20a14abd1203aee52a674c4eece8deb543962,104819885188402000000
0xdca2ab439b0767cd1ddaf1ad402af3a686491cfd,4484888936273020000
0xdcab5f4776e0cb00879205284b40e7508e7d4cce,139417242337184000
0xdd2a6f99c4da9b462c9adbf50f7f0dbe0ca7220d,45168614002159400000
0xdd4273596b8d4f34284e7d2003fe35f40214fbbf,851994258727238000
0xdd5864be130b6b50af1d1d4c9580b4e9998007e7,863872230775932000
0xdd5bc3aef651de86be7da787c2a6cbfd66338442,3624848300766790000
0xdd66262df9aa1d62ca4957f904c715124870bc18,20910904695451500000
0xdd68ce2d5018b885b401191f0d0b5fb0d5f774b7,20990040374098300000
0xdd84723b21fc823058688f8ce39a6b474e02d0e6,310592427759723000000
0xdd8a92b5c5e33b9659d5fe0e79d999fadae9b2e3,147817948824430000000
0xdd8ca6fcf85d0528037518608346dc970fdbd486,6696615347387570000
0xdd91b25b0103548b5655f5830d16d33f93e65a70,2165990304559720000000
0xdd9db2bbd969adb245ea734e0a2352a7bfc83e93,51647200022595600000
0xdda4fa0afd29112855b1a165a9d9a5571fa3a1c4,179444106995173000
0xddd37afe0b39da0335975f3c688725ece3690c1f,282059818915534000
0xdde81e64e696e721c0fc28e49fa92e01a0348bed,2883664415329620000000
0xde0a1ad827f009b2cbaec790689390bf903c8a6c,12470097786825900000
0xde1ecded11660bcb9315c5ad4d58a000414920fe,34595416108676100000
0xde3fa0cf9edd3da75162c1b998cbc6527e3ca017,3884953039391050000
0xde4419167f8217dfc549e29ea0f3b11d244faf53,60884634615196600000
0xde609f62c9000ee25488e5bc5443fdba15b1b809,17623443636938000000
0xde651a6664650fdac044123ca54de88b02b164d1,57004202228613700000
0xde8f120de85c410f176e96807b1b4466bdac2617,878741714849705000000
0xde9d728c79246fff0ca6f63f19aecb69ac89afdc,8736595344107400000
0xdeb9fdb25c09e0df251e3e033900e470a73b63f5,282
0xdecfc48e802cc531d3a53f00e5d92f401de2fbf0,1527995253812510000
0xdefd5dbcfbdb19b434368a8b3d87c2ba0c182296,6093869123372460000
0xdf08aaa381631eb6463a014b9305c091c453525c,51454016538464400000
0xdf1104389b72b364bff701c09bcf8e0fe737f246,504256674728892000000
0xdf1a2a0f53f7461b9f0afbcd979ac9ff422ae924,48589946214544800000
0xdf238bb84033de2d75d8117036e684b06f8306a4,16
0xdf2a93ddf2c91f93f804fb5018547882e88476a1,4066852594991350000
0xdf385a67033a084ec61a79c6c7cc6a696cb4abe7,1216468475361530000
0xdf56b76d4e5bf9bed9f9bc3e05cea22d4d68adc8,283998086242413000
0xdf720e95e79ff7e71d58b0d6e804f58819f2155f,799325522733190000000
0xdf77c352d9bf10788eabdbbf1817c6f89e1727ad,273670883106325000
0xdfb3d3f962464a41cb7ca0572f20bc48e3933c6a,1187628360650090000
0xdfbbe44e4f75d3caba5af641fda955391d9b1bbe,107266126179181000000
0xdfc78fa6ad9081718a881633fbc253276a1c5c24,4492333364198160000
0xdfd99c1666dedb0b439f8aa8f827968116d94690,300100705967495000000
0xdfeabcc463f5c91f00addd081ebfb92667dbb2ee,12783011616990700000
0xdff2c49a9ea232ed39de25ed23edd242cabc959c,15252815965293600000
0xe01661739c25775f708fcda97fad063d5282a53f,464724141123948000
0xe022bbfc4db9b96ce970418364c7a31a7e059416,2803812320063120000
0xe03873571e2842315fb31f1b1dbfcde107391809,181758775195144000
0xe055e8e46f1a4d0baef9d52d6855e6a4b5ed5b45,511196555236343000
0xe06847976262290528c11b514b620ad873fee6da,21350102027309000000
0xe06eeb38ebcc5a9a783ac4ee959f507ec4e2ad22,102366655835630000000
0xe07835cdb71eb572b585a599d9d4bae0e53d89eb,17022918194155800000
0xe0883860515859300893a7c82d0b08b6db6f5d43,64751563663270100
0xe08b475eca90534e326b94cc4efd31e77979ef67,543392787612897000
0xe0959aba474d69240c402ab61a3bde02a5e4d20e,21953353439547200000
0xe099d8825934d92c4fe3181ad5470008e0f86bdd,152
0xe0a1121f1b09c8e195636b98783fea31073f2b27,24346381393326800000
0xe0d8dd4ae6692e2a29a0aa314e4a30c6a736ab6b,3301312115038740000
0xe0de6ec896c03de1bf9148dc93b95f2d41224018,28152162293037900000
0xe0df67466c9e0ebaceeb6beb1731600718360470,44673370309330700000
0xe0f445fd1edd1ee39058c223e42c6f62782a23f1,5956235151130680000
0xe0f966fc88fe9e6c0facc485d7e734c95cbc7111,833556705613336000
0xe10ce85ff91326f6a4e678b931e9847eb9040b2e,2483845409282640000
0xe13ccb8c29e1a921cbd70e1dd5cfe802f9f9d415,7642562321171770000
0xe14cf639766bab4d81e3426191bd1edff5eed30e,101662391539083000000
0xe15affab343f85e275773be71fd85ded53ea75e1,24033699818590900000
0xe168f63aecd89180bbaf9baa2e5d281720aed712,33909206024491800000
0xe16b5b376bd27fe4c0ee4861ce1217b45c66c30a,116258698105371000000
0xe198ccde3380491eb8d9d4a54b82a52b7cb6b806,101818925604621000000
0xe19d407a10dad67c75bb473057dc6bd1cd800170,1911
0xe1a7d61bc13b898869997f6bab39bfa2b638a40b,2581800784021930000
0xe1a814d6fbf973b379db0fc832646ebc200724ff,4791822255144710000
0xe1db50abaabebffd345de1a19db678e273bb817b,238816572522029000
0xe1e39090af5bd9270672468d01d153ce29a2ed7e,702249813253966000
0xe1f59555be1d8c4a2589013e09ff8030aec70d2c,5608545206396420000
0xe211d3f8236e669a2f07712698f58a1b94bb08eb,623659797388338000
0xe23c061aa74319092fa338a35e7481a786a52c84,7435586257983170000
0xe25356df252171cd043fc895bfa382f4b345e447,513003815785158000000
0xe25ca3ce3d09696b2cfcdc6053b889acfde2d43d,13477000092594500
0xe279fb9a88052e27774c11d2be82c931475bf047,289161687810456000
0xe2a885cffc9d60105911a19f51cd056fa24d8e5f,1187628360650090000
0xe2b33a8fb45056fdf61105455eb8bbe00a0f2ab3,209090344835035000
0xe2ed31e17d8ba07595209b55b14793267c9f0aa6,2932512602523470000
0xe323485bf6a1c4364a6d4bc2afe50bbd87764b44,86322549655698200000
0xe3526495efee7a23f7f508933d46783655bb4e54,16828111745403400000
0xe3853242653dbf7f7f14c9d6d951887a5f7b7429,16319653876090700000
0xe38d8ba1879e0afda10cfb740fb42734efc80304,67518704224724600000
0xe3aac2d88a8e32b66adb3778fb4c869c4af5d790,3357797776606960000
0xe3bbd0718f4d67809c729c2671299329ab1f155e,7079791488649100000
0xe3c38b90926359fe3b7ca924b4c6580d2532c8dc,192839864160166000000
0xe3e078cc1d311eec539b7787ac9c558d66710a9d,2938915468467850000
0xe3e0d5dce50a49a3309560fac5a231a205e54dfd,743816805876719000
0xe3ed33110360cd957592f8251902ef5de78d0553,1068651256636230000
0xe3f02eae02bca135cacff315fc9c1c99f9769b10,206234246627672000000
0xe3f052f292e7847c35ef838aacff82b41539967b,1076731849406070000
0xe3f1121a1ddc59572fa764334dd007403eacaddb,1163509030119830000000
0xe3f1a4b29b6b271da45118679627c17a2d895b55,813783607123713000000
0xe3f474f55f133dc6ca6b2dcca5d2ddb041d8e5f0,610027889248702000
0xe4109fcfe05bbe631fdf6710546aa3a2f10e69aa,7427324495474300000
0xe4222061f2fbd62684e414b433365c2e9124e88a,40560400133078600000
0xe424d8f9ddbd24b28dfd906af10eb13d9a83231e,9092899443281210000
0xe42adcae7a2b9ceee12bf9c8ad351b92b4c855fa,1601274359038540000
0xe42fc3f7a0828ecebd3808270a99e06556572c4b,527960845559980000000
0xe43ef43ea747bcfc75c444d313458dd7b5fd00a9,16706393733913500000
0xe451daabe16e3e3b5b296a54a03eaeebed901f65,314979695650676000
0xe45dcdba6271d2c8066d8a0d72570e18e99e1b0f,187168622157552000000
0xe48be79fc8085836af6dda8c149c5b964f95e490,11401232262240900000
0xe49cb74fa25772f52a2b2d39d1d59d51f228ac15,3505569104544980000
0xe4ae5d26f9d20ca5a224f5206722eb98c2247358,511196555236343000
0xe4b331c51e495ec4ca68467672c656348f90591a,6632962059188930000
0xe4d47434a3598ac2f03bd1619858b06b6229c286,8860355248164830000
0xe4d900f9f5bc1ba60b5b327de6910f6a153c9dda,1552427366272540000
0xe4db0c60cb4b184208753a7136d71024ef260515,40775092588191000000
0xe4de108a39ae8e4c63142c4d70a58b21dfc9f741,2145603322035090000
0xe4e8556c4657309a923a53cde966683f63c17cf9,4699184198098940000
0xe4efe71063c52703edce2285700974dbe801a60e,129090039201097000
0xe4f88f8df42bbada7db3233b0b29c7df34548ff0,11310478379437300000
0xe51200a4d161935fc311ed8a0401feb1abf20e3a,182591029179791000
0xe5124defc04043331bd2939497820e1fcdd7789d,1187628360650090000
0xe518f19e480f9e5f17ebb71ce498d76d34df239a,2192872254022640000
0xe52c75be08a3cdd5ebdbed49fc6ca507b78bb5be,13332570771096073700000
0xe52cc001aa71bb1269a75b1a6b179ead90a9fcef,50684016418458500000
0xe53b7d29fc37eaeabbb2158bbfe8b599f912e12d,170398851745448000
0xe55b4b7cd19aaaa3d6c1071f6132c015adff5688,1497448407680610000
0xe5911b1b371053a5fe150d91abad2b5ba6d80b7b,63388627869816400000
0xe59dfacb406bcddbd312273fd7dc4f45737f11ae,568069876718779000000
0xe5b1ce3049a016376d4250a4493bb34cb24a9333,168956865360609000000
0xe5c21d73d2c7eb298191718a49e96eae5d4a049b,14150388262511100000
0xe5cd91b42d53bf7f7028cddf7e902269915e4b7d,37654405655149800000
0xe5d183beb69120b978d074e8a658fdffc2b8046f,5111965552363430000
0xe5df77b5c1c541cda961bafbdab2b9fb94831f98,1134616476565907000000
0xe5f60fa1cd0d18699d41e2fddc73d8b2889069be,227198468993930000
0xe5ff9e4a87e2260ba4f7df48f1804f5f6464d4b6,35563938763630000000
0xe63a5def1b73433d6f39db24a563980ef3b9c91d,263837637855515000
0xe648bdaf21943a7aeb8ee1a745bf323cb570dce9,4018101367544730000
0xe658ee7cbeeda3fc0530f26121abecf22facf0ad,851994258727238000
0xe664df7554dd9abe81829708a29d0761be34af41,1951097947855800000
0xe665ace858f88a01fa1a4849db7da735e9f18e2f,6387717826679180000
0xe6827a0e73e44276342178909abca38735871e8b,2555982776181710000
0xe6a443140d92bcf724af25b274d59617e89cd09e,78768884450174300000
0xe6bd1916b9b6aeff8a96c13b7a247f82cf015d70,4225073030590200000000
0xe6c842ec897ec64bef8db2b4ee9c832891ea488f,7236787597613480000
0xe6cadae26c4eac266b57afe2e9bea5d23454f0cf,14974444547327200000
0xe6d28abf7e4fa112d4d00ea4fb01e675d24c0306,13594536931054200000
0xe6d45365f42ad830930e0a58ad9bd5181eb17096,151190253912324000000
0xe6eee90fef6c4f57374ff654eea26ff5109b46eb,1837001020060460000
0xe6f42a0d51e99702c82a14b2ca9961cfbae3bcf3,107362717179608000
0xe71865e06c774bfdd04bc145427b4ffeb6c323ce,4506272335235060000
0xe7452d832ae9fc194ce6f9a020c8c76c8b1144b4,1487117251596630000
0xe74acf3b57d092db0e2f71f0435bab6ed95c3a72,10833880472664500000
0xe75e79d3c82cb5f0a0cda0f5dcf692823efae579,903630274407677000
0xe7a4b8f1a428ef9756926b3e325a849f391f8ec6,4761020111121850000
0xe7bda79b418c9f25a7fda66058c3a7f0e0966ffa,11732239891172300000
0xe7cca2d05637e9a1b6a54de03bba89d166043528,2621237207461420000
0xe7cf3d6c298b374affc3990732b1d63e95d1c983,13562924910615700000
0xe7dc50061d3885fddc48edbd73442b884e8d6d98,248905611345539000
0xe7e0a14b952aba722a515d7d872e50ebdd24e2c2,722904219526141000
0xe7f068e16ca29457f3414d5a70e42df59792fc80,167977275184490000000
0xe7f78fca43c129010635043903d08806aeb0cdcb,4337325401466510000
0xe803fc190ab41181b596817563589598c6ce4ab6,10777699368332800000
0xe8142190989d38ec80001860a2d83bd15b931947,38769371113340200000
0xe827f38ac363bcdb3865b23d0ebe2ac8e28b45d1,54703450009764400000
0xe82af191fbf0da8361197fe948541b32a86dea51,8959941856850330000
0xe82d37aa7d437597209794d07831a5953266d3f2,475051344260036000
0xe840b3e844b36186513220a3e5bf30cfa73001ca,1387305541483090000
0xe879b90aca1019c9cad2403ad16f4b5eb96cc687,8525965162826140000
0xe884398213a3433afa41df65369e72850cf66164,180038409744262000000
0xe89735a0a24b8ceac687c4bfc76aa3843c1dceb8,197717186556270000000
0xe899b76618f150dccfeabeef20dd091a6e20411d,62781295675169600000
0xe89bb00f75b0d8096ec6fb40ba404b534e8e9fec,325306898786764000
0xe8b32556ee5884056d9bf4f52e269a2ab190c67b,19311869864484100000
0xe8c3a3f1eb0a4f845ae1f2115d18db37ab55f51f,28627007093235200000
0xe8cf2f9ffb1967cde68c70463b2256d1fff97c14,141466794959577000000
0xe8dcb2366dda2d482c2a754916706c41252ae93a,147679004846055000
0xe8e593b5a90ea9b46c9b0225e1337c34d34d57d1,544243605271824000000
0xe903f24c39c1ac0b464da980b0e6018fbc5f5d71,6729198701650820000
0xe93709a5d4afa46ed6a2d1b4d93dd13137babcb9,93
0xe94c71b53bae76730a6c52afbdd9937d9e1e8be5,19117855480624500000
0xe95852c468e08438f1c2e1b33d5d12979fa3ee7e,559734409975955000000
0xe99e48a4f8e383bd0903030a0545d63a6f34acc0,9687496226079880000
0xe9bd5642374e97bc0e3cd7de365f8df52bee9a57,2122079405384090000
0xe9d7219b7fd6fe5f30c83a076a66490d1e324766,68159540698179000000
0xe9dfecf6f3caec6f1f6e6e31b6671eeb68dafb05,42925915436677700000
0xe9e7f145a3768c0b462a569e87c16f846a530f57,151503335292423000000
0xe9f2159941be08c6b0219aa0f8eee259104ff393,1910532580176230000
0xea125a2745043d9647980f0e93caebc22dc085ca,188014992151716000000
0xea263fdbf61fce84678203e4ddf649bdd798af87,435757126552682000
0xea3de348c0af52bdc2848227996d807a05437131,8464983188345470000
0xea40edc0c204ab238f0b7117f3f2a4278eaa91f0,78345522879665800000
0xea483b1dcafbd2676eb90408115ec46cafd8893a,1804034411092560000
0xea5ee88f918456066be1b44f6e51e5fe612b37a2,16859324420947900000
0xea713bf6e1351ca3878cf5181f9e84a5a2c2c1d1,19771264459925400000
0xea71d0c2ebbe1cb1b1fa3269b8851ff30e0ef695,16351596525021600000
0xeaaeb34102451c1bab05bb51d895dabeeb598774,138
0xeac5f9b3cd48123a69fe69ce93a7f58100a56552,131474279642406000000
0xeaca45feeaf4930baee8ef68b268e9e4e718ba11,286939638246108000000
0xead3b6578c71117526a9c972c0932c446320cfb0,186846640348807000
0xead8135927d33322652bcd0031dd0374484bd4c7,46671830113790000000
0xeadecc8f104aef869be89e98fcbcbcaa610dd495,216793262379594000000
0xeaf696707270c85e948fe841e0710f434c73d2f0,41660728414935700000
0xeb148d59e639355671565c11ceec6f481f4c24a3,16441212880994200000
0xeb2a536252a9fdcfbfd5f6634506d0c468ff965c,21959248388420100000
0xeb5d41932e4ea73f7da9648c257da1f270a5c199,1175752077043590000
0xeb8ce05c00d87f58fd47647faf21d44b0d4ee869,7593592465965310000
0xeb8f7b8c27732e00bef318441422000d8ccd1e54,182725639411701000
0xebb3bd3621520f6738cc8c16a78b8154c9855bc2,1260951502916310000
0xebc901ae0b59bf7532aecec6709e82f52c230c60,20135471936107900000
0xebdfd3c04c70e01b645de35778da4194f8d98b86,66143842171464700000
0xebea63f22998d2dcc433435cd74e3d8555b6e0a7,20086647913879500000
0xec0a29247849976f8a2ab8e8db772f56dba46326,65036092111218000000
0xec0e8dd35f4021d03746491f6410ac47c0b3ff5d,2092497899434100000
0xec41b27f11e200f24ffec611a36176f2727f5d8d,32064209173945600000
0xec41f4c3ccb033b71dfbb0249ac94e2447a97015,1985793347378020000
0xec833a3c6eadd36aa551a26796d4666d1260e902,206368514962098000
0xec8e5c7b2e715439aa0b613649b0465248905df3,138494924948671000000
0xec8f9ed4772b268518a3a585fd4f8905cee114c5,6437283737464790000
0xec920a633f86e1865edec98205e7cf6d682ba36e,26741565992186500000
0xecb0ab3355f1715439ee7353c565a857a169f269,771990874637772000
0xecc03538d9af264725dabd36417441f7971c91f6,20161377787534300000
0xeced4d0bc8ac880d135215d497c848bc48d03d18,27638239854735800000
0xecfd1f9ccbaaba8dbe19f386b171ee3e0211017c,4666847045257720000
0xed166155e4f7c9256fb04b065a4ecdfc035982ff,1049669426606740000
0xed3b4f92c73e8ff1fc1aaf2382483d18b5809fac,14360716456201300000
0xed3ffa7e8f2994e37c6fb1ee523c3f2571fd711d,75853993509680700000
0xed4447f02911b3ee43bf6975e6dc589a85187bd2,21976804633751500000
0xed44f1d2622c8c9acd4edc631dd57384fa72a6ab,13757119628435800000
0xed4a7eda47fa17310779adae07c235f8402bb9bd,335634101922851000
0xed5820582daf3d6639eba998fb72ca0bad79d8b5,112803626767361000000
0xed6adccff136d5043633b907e2c75a1eb1e2543b,511196555236343000
0xed85376720c4c7ae229828295af58cedd10bc42d,1884714572336010000
0xed8c5e9d439e302f2bd3fc6e1cafa4a39f20243b,216921423524372000000
0xed98ff56a01ab6b2eaaa2045ce9b0c455ab38161,3513211370985850000
0xed999fb25fbe1cc3d6daa55111954900239af072,2716892808016820000
0xede05e331b499377a5af48a8b1442801711f72ce,152170733067546000000
0xee1199fd8d54e0b2ebe5ba5e8b49dce39f67c7e7,98676425965318300
0xee52091dd355ac4a878dd25cb4f4c859d197115c,129090039201097000
0xee64cd6eacb4a06f470a336635daafdc8d7fb193,5338320746501340000
0xee6656054800c4d27f6399a1466eefd461c16d68,1483610443615890000
0xee82d15265c15a00197693b361b7735a93b82e55,76166238473306700000
0xee92330aa476849f975cdd411ebe82a3fdb3258e,4423177378010850000
0xee9e6fee02d89c333b1ee97cacc061addfe44072,269540001851890000
0xeebf0b67cddb82b9ec7f673db3c9aee07846d402,5783238860909960000
0xeec8e7e6b58f6c980cab1e650f2d0d3ed49cf764,529594437009355000000
0xeed48da7e23c6f89b1b5eb62e0347ab9f25381a7,511196555236343000
0xeed61f0664b47b263045bd0e97b154a17f6f0667,201380461153711000000
0xeee90d1b8fc80324a7aa6373d6547bff78b68c7d,176595173627100000000
0xef0f8d934842344d17f40c07a72a95bddd34190c,185605658363337000000
0xef39ca43fce490064e1a150d02de4184ecc74dc9,32510756007088600000
0xef4a6681fbfa02b677b4e09b595ff94d8d794c6d,68956067334586800000
0xef757eb362b0d440d07da2f43de7e6c2fc29e485,480826466876460000000
0xef7692ccd24b4fb91b1268d2d5f6410f9f8f914c,279483403175753000000
0xef7bd77708109d05df93c8b8c9fb410c42bc7c29,217423771225623000000
0xef800c8f6547dff2b4e2997ee82201e2e28c5bd3,20447862209454400
0xef859208882c443c235fc149249f533061698ac7,23752567213001800000
0xefa25e4f86f7b0f33fd1bb32b5c28830ea687e49,347242585258653000000
0xefa9986e463e40f7489780d4af885f92a9a1f901,5770585662624230000
0xefd752e44e382a761462a9b3d11f2f8c62022d84,2252096170199990000
0xeff68ae6c0a7a052bfab1a6fa801f3837c089c2c,3614521097630710000
0xeffba3aa9764926e9f018204d66d35977f8feca9,15833346875901800000
0xf0001404af30de4b683f45f282407f13c537d602,272181627436330000000
0xf03de392ce7a29f63ffdcce778d7085679aeb3ae,1221672300188140000
0xf06b705849d783c49f9309fce1e8e07d6a57e193,871690935325876000
0xf0850ba9bb1a694b86c0c11e8d983f789e54e08e,562316210759977000
0xf095d087df2c6694a557e0519526b3395c44058c,59043842806738100000
0xf0ab97c89f13da829dcc2339fa34d16ca0bf08b3,255657504170586000000
0xf0bef9e2739f17e85b14f16ce2954711b0040b22,2326204774876050000
0xf0ec187925afd056711a95cccecf4af984fe5a4c,44871031321417300000
0xf0ec7073ee9c53b3dadaa7a8f071b115a4eb13c5,2598986302542420000
0xf0ee9d59ee92dcbfba61ad03de80af48560787bb,3164453962359730000
0xf0f05877e9f20e006aa432de0c5bc3d4b0ff6bdf,48250171996933200000
0xf0feb7f21a395ca07e65982762bbebd07f1442a8,2367721520255350000
0xf10c6a1860e05311ac185c1eb7cbfdd110c18002,6526488960777430000
0xf126b5f3cf6f1a2378c371604c93b742153d53c5,178145242536595000000
0xf132441f5bf020688a4be03491131091fc85a836,12658980946539400000
0xf14b536d5f16bbc8de6002bc60d305300bb62d77,86800543701729500
0xf14f36ad419c7026ce544eb06af9c9928d02f809,208816047411694000000
0xf1728a15bda82f681e322676c114c45ecc9ab2f8,178144254097513000
0xf18d0ece85861da03b9baf6a5ce27aa23da747a7,1191709980045309020000
0xf1afd855b83a3cf95cdc4d7cbbaed4ee3f6bd6cd,197457490617071000000
0xf1bbee5003fb930608c6e99d991f3ef1fb1a9832,27529164770561000000
0xf1dda956c964a553ab60ec2b7e139bf18469a408,237525672130018000
0xf1e44e96660d60f2546932a28ddfe09e1cecf9ba,18220284492999600000
0xf1f00d047abf6b85247d7b9abe47c64c064660f2,1290900392010970000
0xf1f9cc139e6d113fa8a2e96a2b93982cf54b9b85,1896164293749850000
0xf1fdfe03a135073a8f313b81e15ef4f832840508,90928610434385500
0xf2180ae98015a7dba61253e617a77fa2956e0a1c,5184502104365920000
0xf21bc334f01b0c3e4383d3f47c1bbff2088cde11,7745402352065800000
0xf2351cb3be48769c41021a0f07d96d6443e9bcd2,2294677368658960000
0xf291eb8c3a1367c3df897d78fe9f45c448907980,77383856666975500000
0xf299674eefea658ead0ca7245ebf5e3315682ded,540943852523709000
0xf2a3c997aad0ae797ed21842941bf9f4a9688066,748141129046761000000
0xf2ae3b1a8e37914e1d268a7cf094c5054eb81064,580755848134187000
0xf2afdde18fb9f05ef8b9e11e390e1c4c286097a1,59
0xf2bebc7229200d0df94e5baf8a676798e08375f8,291666034570958000000
0xf2d9a356f28b21b874b764adc81fc26c01f651cf,2182037405336300000
0xf2f18ab8bb62469d0526bae4002932940d32d30f,58038881624813100000
0xf2f404cb9148bb6922e8b8091049c3f92e854f91,1600716486093600000
0xf333875be244b2ce0911175e0b419534a37eb3c1,222034867425886000000
0xf36a9bc7452d358ad2efd26afe0413a23de96fca,217448117607016000000
0xf3ab0d71500c217d13559ef2634a39a920f432e4,262887588447936000000
0xf3b2a4322455a63b703ae893a71f45c815e802d5,201403792825874000000
0xf3e5a083b480c2dd1c8a4066f0b1a0e89816ef0f,1558610816657890000
0xf3e89f0e8c20c6d28272ef518197449b227ebdc8,1290900392010970000
0xf4480e4848dea4a939d32a90704ad58be80d79d0,74242263345334700000
0xf479f78bf7ab3443cdd7060f948acb129601f086,7506006223366280000
0xf49f4c935a7d659a851b38752e2b2dc1b019663c,1279698134844129220000
0xf4a1b0496ba5135d3ca7c4dbddc8d76c7bfc1e8c,721898751074795000
0xf4a547a224e152f90ab1760cd3f7fb792de6f697,475051344260036000
0xf4bdf7ad48073b8457f6cbec12890b75ed0289c4,11442325979875000000
0xf4f40f8314f84a3e356992e4c3100841743756ec,3924676623205070000
0xf4fca18db3398289d114d1f4f5a8273c3153e96a,454396937987860000
0xf51f65c9bdaa5a5c015757f48a22811af8c5795b,484345827082515000
0xf52fe56bf4edf5abd56232b927641f014d2d515b,1600716486093600000
0xf549987ad19d170f655952ff66e37901abf0f60a,3523951526127220000
0xf55184cb18303b2ba247536dd6e7a541b5ca6d87,67583030332802600000
0xf55c3145057f3f3c4f7af9d371078b27245ee869,18379722299496300000
0xf5708334514050871db35f4f74bf404ef18dc6ed,797464767869900000
0xf57621427e8857bff45883ea651d72409e151248,819770060546334000000
0xf5ac187da273c2c645a2e8327c9c3d2bb51f7a88,174999620742575000000
0xf5af80f3929f9f0f407b610da47583c42c2019a7,7241951199181520000
0xf5cb5a52a7a74883f288068e1a1286e82b4589f8,21299856468180900000
0xf5d676bb3d17e76b197dc0e2ae79ab5123188dd5,391459131849975000
0xf5f5606bc67c82d5bd1e3fb344b6362078742a6c,850904386776648000000
0xf6164703079311bc87177115fceac63ac281c394,71030284527973100000
0xf61d06e97126be3c872ee62c601cce0805188a61,2083313257138590000
0xf6256a4eabd24c34b4774cbe1d930b5f5634f24f,27367088310632500
0xf626dee5ffff1397aaa9c5b5c772cac97d29c118,320423527603067000
0xf64e0161806eecb20a82c86c7e6d81a8642b6f5a,104221282500642000000
0xf66b6c6c03a4dc146b8689a184dbd0374a14167f,475051344260036000
0xf66fc4bca38a392a27111bcf97342e22b98516cb,2090973775842140000
0xf696d24331d1bb34c39ba344ddef0e8c33add3bd,13888745681630300000
0xf6d07c3c18d05b80c140ed35e80a67667e87b606,80035824304679900000
0xf6e167a0dc136b6c7617c0da97c05d8aa41cca4f,13715868301132200000
0xf6e36b892d4ee77ae7fbba7cd30fa34d45d905e7,9552662900881150000
0xf6ed6743f7165a6695f41909426bf39fa9d9094f,2825187504577640000
0xf70fd6db670ebeb6eab79433fa9d7460246139a9,10798123599093300000
0xf7381ee789e6eb40e45128eb08c1fac679db33dd,2863341157434420000
0xf75c16cef11ae4c179f4ac8bd735295f63c50ed9,1423799989862150000
0xf75f71b3fdc5cbe8756da9fdb1f90a2cb3f78538,59724575835766200000
0xf768fbb98a4dcc9d242ce53a9000ad21f9d1897d,4305029341435330000
0xf7705b18d2071d0c5c39f46c07ca6f524b1578a6,6919226101178780000
0xf78ef18e85e55646aa6b53210ef61b3d34281e71,3225424436600930000
0xf7be78f0e21ea511d6164ea8bef1d05af24ca418,2859741917429010000
0xf7d9df605af63c7d7e77eddbca11efab6119cea6,454396937987860000
0xf7f9ee814f4a939c242f5029e9c01c7c38f4c40b,985681026081066000
0xf7fa2b9ccee29d6d760377d040e6ef92bf9b09ff,8664483164690140000
0xf7fd89744b378a43c49674180d7ac15441d91ba8,32398501678534400000
0xf80b742199f1cf8670a249da00cef663babf9a3f,8680936536254000000
0xf829a6f5def7f40f85bc9e208234cfb892e31343,1715075388342040000
0xf82b539a97bb98282e871d3cefa9ceb420e07ce2,8297244999934390000
0xf83a28d52c1b8de089943e467b5c8b066a32bf3f,6118804334922160000000
0xf84c354f39a7f43d3e7114ee26fcb7d59b4c7fa5,180726054881535000
0xf852da2733684f4f30722dae0216d502053d8ae1,6815954069817900
0xf883932a1a6b4953b8b0f829c0e3654ace9a85cd,16053637275048400000
0xf8bf8eb2af1936f0b4781e99bb1cf27b08315084,323359711845930000
0xf8d094c4006c060964a1ad759b7fad2190e5eb89,1096782393052900000000
0xf8daf5a60fd7982542478146d23c3b66b902b49d,174003389205704000000
0xf8f4051abcf1e8a18263c6989457bc6f3c8409c5,45432235983789100000
0xf99fd93e4ab30159adb8c66b5905bafa66ed4198,702779985793642000
0xf9a0c6eea16e4f4c5ef40d835eb1a2fc489f4acd,620038438727435000
0xf9a5f9b90b8a970a3e2974a8eeffe41ca1714249,24490953631550400000
0xf90535857f2fa4d7c961c8c49c67224b38d211cb,4195261290862620000
0xf922629bfcaa0c3593fa86cbc1f8815a8cbf0b30,696872237255701000000
0xf956e531cedbfbe2ea37036fa4a29aadc2e0b580,166784330647817000
0xf9b28dbf964df866c20b2b33d7d0d50b944d5dd8,1187628360650090000
0xf9c229512b62434eb5de37823c9c899c100b9050,1197758120692490000
0xf9c5d2f166b91515a6514af18d6fda98c2bc55e9,238763565712244000000
0xf9d4a6f4ed394dafe51d86e598f153e4335c44bb,475051344260036000
0xf9eb08ba9d1c2d1c3872de2f5c08e3314abee59e,5684288969301220000
0xfa1a866cc0c10759c660209ed28afc6dd42a4c4e,26061974224905000000
0xfa2fa8447e8be110b9d71103c658e5cf181741cc,10697785120513400000
0xfa3980a1808639e02251cc76897bc4b45aa7d96c,421029700303177000000
0xfa3ef8687313b7ab4eed34e2e8e45e496bf2fba4,46069138908948400000
0xfa49e2edf0e49848fc054d5bfad9c3702beab2c8,145551291183926000000
0xfa5ded495f9e027dedb9fa3fffbf3e1e27be5b4d,175019362926712000000
0xfa94665853992b08a57b91e86d56bd9626044ac6,475051344260036000
0xfaa40d454b19f73ebe3b9927bdc30de6c6947b4d,205165378051189000000
0xfaaddadc3196be8783f1383cf80e3974544f3a93,35098173401087600000
0xfac774800ade7bfa859f7ec7cce6b5f831cec024,37416179866265400000
0xface4fd4d23e197a3132f402b8c9c00d29673377,28252898874389700000
0xfae8a9e9f1606470afee23cbaf17800c27c53774,696
0xfaf05c84dc72ca29756da16c5fea5f701195cdf7,54313239821438000000
0xfaf89943cfd1772a4a28aed14277ad73e10f26dc,2220348674258860000
0xfb0b2a958ab8135c9655c255bcfe6faa9b3664a2,238558392443627000
0xfb15339d187a76af62698f73d700e1f8536f03bd,4204953519879472020000
0xfb1cb7035f337179db9e14a74bdae6e35b0498a1,3407977034908950
0xfb235432569213a1572cac885cd83178459b8b00,4700747034294040000
0xfb5b840a85d41bf28081a31b186fce24eff5ab5f,3288242576198840000
0xfb5e46299c3e778da94d811c5684efe00c3e783b,37503189161049900000
0xfb7cef72219db710125347b364ed50b887014b2f,54313239821438000000
0xfb8636f80a2b1206b9afda4c925d3d628ec68648,6201364942572350000
0xfbc17b3d91e37091ec0c55d5e585a8a227b1037c,160071648609360000
0xfbd9e98d8f7e4fb925afbe4d8b617043db60b42d,289161687810456000
0xfbdefa573b74dd3fb77a07b387a9341e5642ce39,462292084785399000000
0xfbec227804f9c1e9494e9fd10d97bdb4e13852c4,195939480413513000000
0xfbfe430848f5c16b0455114413ec8face7d99726,25773825491059400000
0xfc0bf51e6563da9e56ff14b1d18395db20c97eae,213087077332628000000
0xfc1493454d7ee77b7b71d5d04b547fecd5f51fcf,226557284256864000000
0xfc2f9223d3afdfa96a12fd9ca9c57fb63509f631,84960682689919900000
0xfc3cc91e57fe8ee9c018fc8ef7a7137613000121,10929229156941000000
0xfc5437d7e13f49e74c17880aad3df13f2e723e0a,444947547118340000000
0xfc8ba14ba98a7c8d59cd2525f14ff2c2127e8f0b,11199318680922300000
0xfc915048fb3782197b151983b407231646faa39e,6970862116859220000
0xfc98ec28f64a552fbb90e4535c9be23c113aa671,6446885647741970000
0xfc9cb554f532d6a7d8b4bda243f4e8016b83ba51,4777722026464880000
0xfc9cb707340c2b50abb26064ae30e784af48ca77,10327203136087700000
0xfca49030a61581c10b84300140b3f76fb769caea,851994258727238000
0xfca508728a80fd65aa9a1f230b4edbf42a6fc227,5336687020046370000
0xfca6583df212eccab14dc7114770859b583f5dd5,33
0xfcc34cb29ff87186ec256a1550eb8c06df6d8199,653877816070700000000
0xfcd7fbcedc1e18789864c31a1ed5207f0cb19887,18614783652798100000
0xfce4872997c6cc4b0bdf9b4e3213b34beb933206,2462764376859110000
0xfceac8f15bd957043f923e564b56bf0b49921053,92015379942541700000
0xfd319a77659674141e665649a5334ea4270da987,1422226436163880000
0xfd448f3d6c0b718ac58a7b6edf559f07a3f4a803,248153876324348000000
0xfd88c1c6b3562f74b72229e076f991ce5fec630a,12432522841578300000
0xfd99a0579f3e3aad213eada1e7057adc14b502c2,2540293125096540000
0xfda15e84a68c88075bde73885c6984b659e60efd,5856988111066500000
0xfdaf8ad8296ff2fa8406f5a78816c03270cfab19,1744884241873380000
0xfdb3469bdb79dec77721f84bc199682045af5840,15787784801287700000
0xfdc4a83b16b971d92a46bb18d7a788f07b5a400a,832574109685042000000
0xfde6bdadcc0c46b902bf815ac040523bf950c42d,31198480674121000000
0xfdedc0a5b5052913b5d026fd58db1f0c5210c090,9349106528035291300000
0xfdfb9d3c410b7c908885b7f4841053230f80b48a,11409923126899300000
0xfdff93e51e84dd47b8d5b60818b4d09914bf5330,198971876482450000000
0xfe08bb41029b176a0aed0ad10ec894a9c93accef,3517096187820740000
0xfe172b1dc4be8683b9800eda185a624031b16fc7,17773529685332400000
0xfe1d6daddfc00fbdf7b2effdb25d5cf8138f5566,298951308387206000000
0xfe31c629259695b696843952ffe70898a8d30e16,159158258830986000000
0xfe33a87407b5919f3955a9e72ac5c9ad82ed74bb,2384740041328220000
0xfe4909b49995a646f7babf579bc5b4ca8dedc13b,44513246303781700000
0xfe555f7e9e67598319f0303321363bec7d79e50f,18755016806414000000
0xfe57181ee0a77762b95c3817ccf523235a67deec,25
0xfe625bde5fd6fb6a43f8234a2607500d361d56f6,120696287592183000000
0xfe68804792409c406da8d53267de935b06442f74,8610003180706170000
0xfe6c377ce9410ce5c1e2df120d74e8e7965d28c5,1192523170228530000
0xfe85507722deacbdd8a2ef916e1f29b944bbed5f,13877874079914700000
0xfea528d8cca5509f37cab5b69842cf9519308e21,3539065421316690000
0xfeb4b428c809d7181d9bf8b821ef1eaa5ae62416,359386669135853000
0xfed648ccea13c6126ff664b0dfe65c6cb1257d41,3052729676967400000
0xfee6e9a1ac0571ed121189e593847982515f8b53,227585739111533000000
0xfef6042553d8ccabf39bfc49bc3326dab7fa2b22,5989777818930890000
0xff2c13374406b90e7c349b517e38e0683fbac9e5,289161687810456000
0xff50aed77aa1f98fa96851b44593c7919a50fff6,129090039201097000
0xff583fdd9993cc9eaa55f38974b1b3ec0bce9d58,35710857552215400
0xffafe4d780c7496fefd8e910056bf8e34e5049e1,210496825935713000000
0xffc458db291b4abce020fe3de4f91f2770e537b1,16141403273455900000
0xffd247f22b10f1cbf33ce6de1f1825eaf236c6b2,633276191166461000
0xfffbab5bfb3fb547d60caa3072700865c3f15087,2065440627217550000
0xffff78085e99720c780711db81727e2a4e5a50a6,927405930607041000
0xb04d787477d284283d88e8b3062182c085b8939c,21000000000000000000000
0xcec96b6bc3e329eef5752499191a4c30ce37ff9e,840000000000000000000
0x244d1a181b6fa17b807d5aeca1053c4b26e8fecd,12979300000000000000000
0xc71de7c0a71137037678c70beb82077c0c729289,24576500000000000000000
0x3160abd7d704749802c96851084746c960b8a18d,26416500000000000000000
0xf0f2dd8f93edca01b283b518795b810e15421505,21840000000000000000000
0xb400a11936ea64626dc7c15fc1e2cd391481fa65,126210000000000000000000
0x86bbda15cb47728d5c8857c8ee7c19eec3020cd4,170800000000000000000000
0xe87d638d0223ffb5e51dfad7e0403ff77bc61d8f,7115333333333330000000
0xe70b8ab9d51e48f05d73823aa692a054c3fbee41,6040000000000000000000
0xb958a3e1666b612102ba88ba31515c31285ec450,13650666666666700000000
0x09afa73d003dbabb799c12fe4f604cd6d327b985,70042000000000000000000
0x067afeb4e122f1bf84544d1557adb27feff40f91,2420000000000000000000
0xe52345354b5a2f99409b74036739ff2d567170ce,126000000000000000000
0xc1dcbea979b4e1964274fc497bab6f5c93a3a218,42000000000000000000
0xcd0e7983ad427af812f6cd9865765e8ec258ddd9,210000000000000000000
0xfcdd4a29b7766498e95f85c46387a170edaf5cd6,42000000000000000000
0xbb8a5a3d820e8800ac15f73f536667e995e04529,1000000000000000000000
0x8edf0b5eae5e936ea7706565e509c828afb49634,500000000000000000000
0x6677a3899283891b6ba154a72c3bbb89ab27edff,1272727272727270000000
0x9bff7fcad7c7ea3c359169fad00f03c16bcc60aa,1000000000000000000000
0x5408850929bca3f89e5c2783ce6fa11617152946,1000000000000000000000
0xe5f1dec64aab7c2fea72fecf9db895211fc78982,500000000000000000000
0xd5eb4ebb70df19a18a52afa9044789863dd6a05b,1272727272727270000000
0x114ded65151e481272b6ce5dfd8b5961531f6085,1272727272727270000000
0x216e8bcf7395c1fc9966f18880a4eff2db3fbe32,636363636363636000000
0x2e5dcc34308eff6865ba75fb28953d84d142f16a,1272727272727270000000
0x607096824c1944659575863a85e8427514981331,1000000000000000000000
0x300e95d81fb98894b5c4c55fa15cb972ac9d5630,1272727272727270000000
0xcb21c1ddf1aee2a80efcd15ada45a6ea653a8db4,1272727272727270000000
0x6a8250ba8d3d12b3bd13b8010efae23d5815a293,1272727272727270000000
0x008d9051a4d6c938d61b0ba74471fd8e67c901ed,1000000000000000000000
0xfb8092ff90a3f650e7029bd794b5db563bc40018,1272727272727270000000
0x2a06ca331d46e30ea742698204fc49c69c9cd922,1000000000000000000000
0xe4f6715c8a7c96093c6f974427923f47a951892b,1000000000000000000000
0x55984877dd69fc426a2b5c03f5525ed334e04f74,1272727272727270000000
0xb1ef7300195feb49b64623db72e4f1fc98f6669d,1272727272727270000000
0xf2526ce5b8f85f021281ea45c992e46e18fe9dcd,1000000000000000000000
0xcaa913a95b019ffdf40f1894d16e9fbfa81e08eb,1272727272727270000000
0x179c8174792e42035b034d7ffd68410608bec62e,1000000000000000000000
0x12a5353b2040b4f5c591246dbfb319f77fed068e,1272727272727270000000
0x693b8e04fb62da11f27b3d84926d88982fef098b,1272727272727270000000
0xf57bc7cae581e419a6a95fe2be1e4c0694530f34,1272727272727270000000
0x57d9f565ee542639e6d3ed2d9018cc581f36846e,1272727272727270000000
0x8ada1b5fd2f75b2d8854f4c9f75ecb1892c91ea0,1000000000000000000000
0xa7f11f4621c061b44e50a77bd281aae17092253a,1000000000000000000000
0x7871a5372e44790470e16ba37aed1452b1be706a,1272727272727270000000
0x9c7c7d0c93edbfe3194ff5e68783b40bc5b3e910,1000000000000000000000
0xa4b52c7dff36d61a408185f289ed1415e9771333,1272727272727270000000
0x0fde8466f72c1605588596bbedc8c1a7c26b2ef5,1000000000000000000000
0x955115c6097912c35d947eb1659b29998fe50210,636363636363636000000
0x6367e3dd9a73ba6ca287920eda2af010041ab142,1000000000000000000000
0x208c67dbbff35078892f8f4a2c06dcf9ee19c97d,1272727272727270000000
0xc9968d0643987dc1d91a0a03bf0e991d51420f5b,1272727272727270000000
0xb16b36cd92a6086c30d49ff8e8a02661b22f44b2,1000000000000000000000
0xefd0d04ae65273f74d68618a27943356c50d93b0,1000000000000000000000
0xd0f9907fbe9eb944914bcc629e2bdc27210d6d2f,1272727272727270000000
0x101fd05bd5653741b1f066bda05ad5dd28beaac4,1000000000000000000000
0x4f72e8c589aca11c6aad857a3f17786dc52b68c5,500000000000000000000
0xec1318c7e04606da7e991afef6a936fc70b7e9e1,1272727272727270000000
0x1105682d171024c0d58444b97731e8a9d6c722a2,500000000000000000000
0xc9ac4e23c0e49434d0476cb4904d7c16cb3f281f,1272727272727270000000
0x018e1ad8eabe1d6c7d1dc712cf72925abfaa9700,636363636363636000000
0x25bc7edc388b92418cff33616320d74369b7cc36,1272727272727270000000
0xf79db3c6d9d34039b0cbab704422820d286a199c,1272727272727270000000
0xb59dd2db3e6d88c5195d723ef4ca79b402f35192,1272727272727270000000
0xa0807e19bab0efed58a7689daabc3f7360bfa40e,1272727272727270000000
0xd7504627a8ef8819268e0d2695be55e60da8f6d4,1000000000000000000000
0xe32ce096369377ecb428164a8575f4b4344b0f29,1000000000000000000000
0xbefb7aaddd2bc3277e275b3253f8dbc318bf2f2c,1272727272727270000000
0xd699a9144078df8b93faff615965626166bc7617,1000000000000000000000
0xf2847891cc55c9a158ea63270ceba1611af6d9c1,1000000000000000000000
0xf5ceabb1de0d073a5aa2f756780c99431d00c075,1272727272727270000000
0xc86a5d29d2ff6724a4f9484a99918e2eff6d0a93,500000000000000000000
0x09095c90861d28a67b737c82e07652fba42083ec,1000000000000000000000
0xb9435f5cbe9da7f2aabdbdc0ed79ef7b8ee5198b,1000000000000000000000
0xd08ac3b2cc3f414bb995c72176663e1d9e47a041,1000000000000000000000
0x8077fd0159feef9affc7f596ec0ffa9c38b7ae70,1272727272727270000000
0x6e62ad4f245f69315a66ffd620dc0ac1d8de948d,1272727272727270000000
0x684c98fd8224b25cad54cc777dd5998fb2d4c1c0,1000000000000000000000
0xce2b095ad4499f3751d54e0c7c363300db4a8ac3,1000000000000000000000
0x052f3e489ba81c4a0fef1112718e9ed59aba4696,1272727272727270000000
0x891dd0a160afa3ba19c2ba552560484f0bc3868c,1000000000000000000000
0x2a283f681ecbfba224f49ac9a60b5dcf0bdbf1b7,500000000000000000000
0x3103574d501afaff12063a197cd463494c06af61,1000000000000000000000
0x97090a8074610cc18a1f82e3b9a9afea49f3078a,636363636363636000000
0xcdf91eee8b17c7ae156f21ed9d43a16cdb72b790,500000000000000000000
0xfce3e122b0144286a15375413084123272be3fc9,1272727272727270000000
0xcd2cc6851e86eaed6f8feed6c73b3ee378e3921d,500000000000000000000
0xfb6f7effbf2649a8e4137c4bd054f9677942bf7d,500000000000000000000
0xa26535c2433195f889c561d6d3c798db1de79649,636363636363636000000
0x6a4493a16778be1e7d2359cbbf0676afd90e5bb0,1000000000000000000000
0x5db2fa0954bdffdd62298cee2f930f86c9cebc7b,1272727272727270000000
0xae6e7d6cfbebcdc2e3cfe7ee28e8b01d346b1dc3,500000000000000000000
0xb80bd2ab5144a79c2bac3f080c5fcedf026ec6b0,1000000000000000000000
0x2d03350a753498515a909d8fd60293cf2a45ae29,636363636363636000000
0x4dc50df7eaf96ad705b9023b5da766e13d1f4f97,1000000000000000000000
0x8996b5417876dfd5d024cff94bb64c6ad65230d2,1000000000000000000000
0x9a5327d9ff59ec90358bf6ffc2d95271385cf4b5,1000000000000000000000
0xaf624760d44c3dd4444a9855ce768cd07afa48fe,500000000000000000000
0x75e7ae84a058c1058519a8f5195ecf25e90a35a6,636363636363636000000
0x4cfea64afbced0295a4d6776eae992c33aae7369,1000000000000000000000
0xa7499bd7253397cc73a08e200036ddf5f2f7d88f,500000000000000000000
0x6639d12182461f6f2344d4c626b122781c17a223,636363636363636000000
0xe56ea06933f9bca15e7a7c9934c5306a36e6e52d,500000000000000000000
0x33904b8f152227d4d702300beba87740445d9887,1000000000000000000000
0x47fbd92c9f8b012e2cfd17a9932c73d1a17b09c5,636363636363636000000
0xcb994baa7b2f20a06713bc2df1167403a690a7cc,500000000000000000000
0xee60e7589ffe02abc6d6d9ab0ad098d825fb122b,1272727272727270000000
0xb9a7a16490ff852b47537ec8dee270ab6ba06232,1000000000000000000000
0x5a500a9ebdbb07f88a233b7c1dadb1c1e82dd72b,1272727272727270000000
0x8c461d9e1b54cba03928a720c9aa0af3f7d30f60,1000000000000000000000
0xafbf7748c1cc573673b4af82b9f7f4c609936418,1000000000000000000000
0x14f46539eec8a260436aa6f358c1fab24894258b,1272727272727270000000
0xae8b50b531001da444927d4c1264395643d6a2ed,1000000000000000000000
0x4902c807efb8dcdf0ac482e7c27c4c3aa4ea5beb,1000000000000000000000
0xcd90cf2bb2cb9c78b696b5dda8283cfacb4b7a46,500000000000000000000
0xab8b55819edbfcf4f60822f6e926cb77514d691c,1272727272727270000000
0x5ac5986164aaa2523b706fcfcec2efe6d5ff78ae,1000000000000000000000
0xccea8caab4319261c8935d670b214020a1c705a1,636363636363636000000
0x50b65c50bf7bca88e6e05f476594445b2aa7669d,636363636363636000000
